1.009999990463257 0.014355279505253 0.0143552790395915525617498431643070944119 0.0143552799709141237077814068356929055881 
1.010147213935852 0.014565560035408 0.0145655595697462593440807410161141888238 0.0145655605010688270206653527338858111762 
1.010294437408447 0.014775808900595 0.0147758084349334257306951556643070944119 0.0147758093662559968767267193356929055881 
1.010441660881042 0.014986027963459 0.0149860274977982078914440222661141888238 0.0149860284291207755680286339838858111762 
1.010588884353638 0.015196216292679 0.0151962158270180260066783972661141888238 0.0151962167583405936832630089838858111762 
1.010736107826233 0.015406374819577 0.0154063743539154564266002722661141888238 0.0154063752852380241031848839838858111762 
1.010883331298828 0.015616501681507 0.0156165012158453499202526160161141888238 0.0156165021471679175968372277338858111762 
1.011030554771423 0.015826597809792 0.0158265968784689937953746863286141888238 0.0158265987411141360874378136713858111762 
1.011177778244019 0.016036665067077 0.0160366641357541153678489820322283776477 0.0160366659983992507210182054677716223523 
1.011325001716614 0.016246698796749 0.0162466978654265438442028113286141888238 0.0162466997280716861362659386713858111762 
1.011472225189209 0.016456704586744 0.0164567036554217373256481238286141888238 0.0164567055180668796177112511713858111762 
1.011619448661804 0.016666678711772 0.0166666777804493973502708570322283776477 0.0166666796430945327034400804677716223523 
1.011766672134399 0.016876623034477 0.0168766221031546627406871863286141888238 0.0168766239657998050327503136713858111762 
1.011913895606995 0.017086535692215 0.0170865347608923946742809363286141888238 0.0170865366235375369663440636713858111762 
1.012061119079590 0.017296418547630 0.0172964176163077389125621863286141888238 0.0172964194789528812046253136713858111762 
1.012208342552185 0.017506269738078 0.0175062688067555496940208570322283776477 0.0175062706694006850471900804677716223523 
1.012355566024780 0.017716091126204 0.0177160901948809658412731238286141888238 0.0177160920575261081333362511713858111762 
1.012502789497375 0.017925882712007 0.0179258817806840012321067945322283776477 0.0179258836433291365852760179677716223523 
1.012650012969971 0.018135642632842 0.0181356417015194962272239820322283776477 0.0181356435641646315803932054677716223523 
1.012797236442566 0.018345372751355 0.0183453718200326035270286695322283776477 0.0183453736826777388801978929677716223523 
1.012944459915161 0.018555073067546 0.0185550721362233231315208570322283776477 0.0185550739988684584846900804677716223523 
1.013091683387756 0.018764741718769 0.0187647407874465023402965613286141888238 0.0187647426500916446323596886713858111762 
1.013238906860352 0.018974380567670 0.0189743796363473007926536695322283776477 0.0189743814989924361458228929677716223523 
1.013386130332947 0.019183989614248 0.0191839886829257046108043738286141888238 0.0191839905455708469028675011713858111762 
1.013533353805542 0.019393566995859 0.0193935660645365749721324988286141888238 0.0193935679271817172641956261713858111762 
1.013680577278137 0.019603114575148 0.0196031136438250576381481238286141888238 0.0196031155064701999302112511713858111762 
1.013827800750732 0.019812630489469 0.0198126295581460068473411695322283776477 0.0198126314207911422005103929677716223523 
1.013975024223328 0.020022116601467 0.0200221156701445614223278113286141888238 0.0200221175327897037143909386713858111762 
1.014122247695923 0.020231572911143 0.0202315719798207352408958570322283776477 0.0202315738424658705940650804677716223523 
1.014269471168518 0.020440999418497 0.0204409984871745144252574988286141888238 0.0204410003498196567173206261713858111762 
1.014416694641113 0.020650394260883 0.0206503933295607601527965613286141888238 0.0206503951922059024448596886713858111762 
1.014563918113708 0.020859759300947 0.0208597583696246181850231238286141888238 0.0208597602322697604770862511713858111762 
1.014711141586304 0.021069092676044 0.0210690917447209427604271070322283776477 0.0210690936073660781135963304677716223523 
1.014858365058899 0.021278396248817 0.0212783953174948727016246863286141888238 0.0212783971801400149936878136713858111762 
1.015005588531494 0.021487670019269 0.0214876690879464218864036695322283776477 0.0214876709505915572395728929677716223523 
1.015152812004089 0.021696913987398 0.0216969130560755764369762488286141888238 0.0216969149187207187290393761713858111762 
1.015300035476685 0.021906126290560 0.0219061253592371975307262488286141888238 0.0219061272218823398227893761713858111762 
1.015447258949280 0.022115310654044 0.0221153097227215836295677320322283776477 0.0221153115853667189827369554677716223523 
1.015594482421875 0.022324461489916 0.0223244605585932766322887488286141888238 0.0223244624212384189243518761713858111762 
1.015741705894470 0.022533584386110 0.0225335834547877346401012488286141888238 0.0225335853174328769321643761713858111762 
1.015888929367065 0.022742675617337 0.0227426746860146591910911695322283776477 0.0227426765486597945442603929677716223523 
1.016036152839661 0.022951737046242 0.0229517361149191891078746863286141888238 0.0229517379775643313999378136713858111762 
1.016183376312256 0.023160768672824 0.0231607677415013382682396070322283776477 0.0231607696041464736214088304677716223523 
1.016330599784851 0.023369768634439 0.0233697677031159470328880445322283776477 0.0233697695657610823860572679677716223523 
1.016477823257446 0.023578740656376 0.0235787397250533138637340613286141888238 0.0235787415876984561557971886713858111762 
1.016625046730042 0.023787681013346 0.0237876800820231472377574988286141888238 0.0237876819446682895298206261713858111762 
1.016772270202637 0.023996589705348 0.0239965887740254471549583570322283776477 0.0239965906366705825081275804677716223523 
1.016919493675232 0.024205470457673 0.0242054695263505051383567945322283776477 0.0242054713889956404915260179677716223523 
1.017066717147827 0.024414319545031 0.0244143186137080227260387488286141888238 0.0244143204763531650181018761713858111762 
1.017213940620422 0.024623138830066 0.0246231378987431595573021070322283776477 0.0246231397613882949104713304677716223523 
1.017361164093018 0.024831928312778 0.0248319273814559017543590613286141888238 0.0248319292441010440464221886713858111762 
1.017508387565613 0.025040686130524 0.0250406851992011104945934363286141888238 0.0250406870618462527866565636713858111762 
1.017655611038208 0.025249416008592 0.0252494150772690842399192945322283776477 0.0252494169399142195930885179677716223523 
1.017802834510803 0.025458114221692 0.0254581132903695175895286695322283776477 0.0254581151530146529426978929677716223523 
1.017950057983398 0.025666782632470 0.0256667817011475632438255445322283776477 0.0256667835637926985969947679677716223523 
1.018097281455994 0.025875421240926 0.0258754203096032212028099195322283776477 0.0258754221722483565559791429677716223523 
1.018244504928589 0.026084028184414 0.0260840272530913387660778113286141888238 0.0260840291157364810581409386713858111762 
1.018391728401184 0.026292607188225 0.0262926062569022213344371863286141888238 0.0262926081195473636265003136713858111762 
1.018538951873779 0.026501154527068 0.0265011535957455704459739820322283776477 0.0265011554583907057991432054677716223523 
1.018686175346375 0.026709672063589 0.0267096711322665249233043738286141888238 0.0267096729949116672153675011713858111762 
1.018833398818970 0.026918159797788 0.0269181588664650986442161695322283776477 0.0269181607291102339973853929677716223523 
1.018980622291565 0.027126615867019 0.0271266149356961319694114820322283776477 0.0271266167983412673225807054677716223523 
1.019127845764160 0.027335043996572 0.0273350430652499233608043738286141888238 0.0273350449278950656528675011713858111762 
1.019275069236755 0.027543440461159 0.0275434395298361812953746863286141888238 0.0275434413924813235874378136713858111762 
1.019422292709351 0.027751807123423 0.0277518061921000515346324988286141888238 0.0277518080547451938266956261713858111762 
1.019569516181946 0.027960143983364 0.0279601430520415340785778113286141888238 0.0279601449146866763706409386713858111762 
1.019716739654541 0.028168451040983 0.0281684501096606289272106238286141888238 0.0281684519723057712192737511713858111762 
1.019863963127136 0.028376728296280 0.0283767273649573360805309363286141888238 0.0283767292276024783725940636713858111762 
1.020011186599731 0.028584973886609 0.0285849729552865097770286695322283776477 0.0285849748179316451301978929677716223523 
1.020158410072327 0.028793191537261 0.0287931906059384415397239820322283776477 0.0287931924685835768928932054677716223523 
1.020305633544922 0.029001377522945 0.0290013765916228329067028113286141888238 0.0290013784542679751987659386713858111762 
1.020452857017517 0.029209533706307 0.0292095327749848435172630445322283776477 0.0292095346376299788704322679677716223523 
1.020600080490112 0.029417660087347 0.0294176591560244594936168738286141888238 0.0294176610186696017856800011713858111762 
1.020747303962708 0.029625756666064 0.0296257557347416947135521070322283776477 0.0296257575973868300667213304677716223523 
1.020894527435303 0.029833823442459 0.0298338225111365352992809363286141888238 0.0298338243737816775913440636713858111762 
1.021041750907898 0.030041860416532 0.0300418594852089951285911695322283776477 0.0300418613478541304817603929677716223523 
1.021188974380493 0.030249865725636 0.0302498647943139145621849195322283776477 0.0302498666569590499153541429677716223523 
1.021336197853088 0.030457843095064 0.0304578421637415920619762488286141888238 0.0304578440263867343540393761713858111762 
1.021483421325684 0.030665788799524 0.0306657878682017361049449988286141888238 0.0306657897308468783970081261713858111762 
1.021630644798279 0.030873706564307 0.0308737056329846451530052320322283776477 0.0308737074956297805061744554677716223523 
1.021777868270874 0.031081592664123 0.0310815917328000138053489820322283776477 0.0310815935954451491585182054677716223523 
1.021925091743469 0.031289450824261 0.0312894489616155693778587476572283776477 0.0312894526869058539619850023427716223523 
1.022072315216064 0.031497277319431 0.0314972754567861626395774976572283776477 0.0314972791820764472237037523427716223523 
1.022219538688660 0.031705074012280 0.0317050721496343682059837476572283776477 0.0317050758749246527901100023427716223523 
1.022366762161255 0.031912840902805 0.0319128390401601860770774976572283776477 0.0319128427654504706612037523427716223523 
1.022513985633850 0.032120574265718 0.0321205724030733247298385890644567552954 0.0321205761283635954361770359355432447046 
1.022661209106445 0.032328281551600 0.0323282796889543672103073390644567552954 0.0323282834142446379166457859355432447046 
1.022808432579041 0.032535959035158 0.0325359571725130219954635890644567552954 0.0325359608978032927018020359355432447046 
1.022955656051636 0.032743606716394 0.0327436048537492890853073390644567552954 0.0327436085790395597916457859355432447046 
1.023102879524231 0.032951224595308 0.0329512227326631684798385890644567552954 0.0329512264579534391861770359355432447046 
1.023250102996826 0.033158812671900 0.0331588108092546601790573390644567552954 0.0331588145345449308853957859355432447046 
1.023397326469421 0.033366370946169 0.0333663690835237641829635890644567552954 0.0333663728088140348893020359355432447046 
1.023544549942017 0.033573895692825 0.0335738938301801750907493726572283776477 0.0335738975554704596748756273427716223523 
1.023691773414612 0.033781394362450 0.0337813924998045037040306226572283776477 0.0337813962250947882881568773427716223523 
1.023838996887207 0.033988863229752 0.0339888613671064446219993726572283776477 0.0339888650923967292061256273427716223523 
1.023986220359802 0.034196302294731 0.0341963004320859978446556226572283776477 0.0341963041573762824287818773427716223523 
1.024133443832397 0.034403707832098 0.0344037059694528718489792140644567552954 0.0344037096947431425553176609355432447046 
1.024280667304993 0.034611087292433 0.0346110854297876496810104640644567552954 0.0346110891550779203873489109355432447046 
1.024427890777588 0.034818436950445 0.0348184350878000398177292140644567552954 0.0348184388130903105240676609355432447046 
1.024575114250183 0.035025756806135 0.0350257549434900422591354640644567552954 0.0350257586687803129654739109355432447046 
1.024722337722778 0.035233046859503 0.0352330449968576570052292140644567552954 0.0352330487221479277115676609355432447046 
1.024869561195374 0.035440303385258 0.0354403015226125786552024976572283776477 0.0354403052479028632393287523427716223523 
1.025016784667969 0.035647533833981 0.0356475319713354180106712476572283776477 0.0356475356966257025947975023427716223523 
1.025164008140564 0.035854734480381 0.0358547326177358696708274976572283776477 0.0358547363430261542549537523427716223523 
1.025311231613159 0.036061905324459 0.0360619034618139336356712476572283776477 0.0360619071871042182197975023427716223523 
1.025458455085754 0.036269042640924 0.0362690407782793183821823390644567552954 0.0362690445035695890885207859355432447046 
1.025605678558350 0.036476153880358 0.0364761520177126069564010890644567552954 0.0364761557430028776627395359355432447046 
1.025752902030945 0.036683235317469 0.0366832334548235078353073390644567552954 0.0366832371801137785416457859355432447046 
1.025900125503540 0.036890286952257 0.0368902850896120210189010890644567552954 0.0368902888149022917252395359355432447046 
1.026047348976135 0.037097308784723 0.0370973069220781465071823390644567552954 0.0370973106473684172135207859355432447046 
1.026194572448730 0.037304300814867 0.0373042989522218843001510890644567552954 0.0373043026775121550064895359355432447046 
1.026341795921326 0.037511263042688 0.0375112611800432343978073390644567552954 0.0375112649053335051041457859355432447046 
1.026489019393921 0.037718195468187 0.0377181936055421968001510890644567552954 0.0377181973308324675064895359355432447046 
1.026636242866516 0.037925098091364 0.0379250962287187715071823390644567552954 0.0379250999540090422135207859355432447046 
1.026783466339111 0.038131970912218 0.0381319690495729585189010890644567552954 0.0381319727748632292252395359355432447046 
1.026930689811707 0.038338813930750 0.0383388120681047578353073390644567552954 0.0383388157933950285416457859355432447046 
1.027077913284302 0.038545627146959 0.0385456252843141694564010890644567552954 0.0385456290096044401627395359355432447046 
1.027225136756897 0.038752410560846 0.0387524086982011933821823390644567552954 0.0387524124234914640885207859355432447046 
1.027372360229492 0.038959164172411 0.0389591623097658296126510890644567552954 0.0389591660350561003189895359355432447046 
1.027519583702087 0.039165891706944 0.0391658898442983696708274976572283776477 0.0391658935695886542549537523427716223523 
1.027666807174683 0.039372585713863 0.0393725838512182305106712476572283776477 0.0393725875765085150947975023427716223523 
1.027814030647278 0.039579249918461 0.0395792480558157036552024976572283776477 0.0395792517811059882393287523427716223523 
1.027961254119873 0.039785888046026 0.0397858861833810945052292140644567552954 0.0397858899086713652115676609355432447046 
1.028108477592468 0.039992492645979 0.0399924907833337922591354640644567552954 0.0399924945086240629654739109355432447046 
1.028255701065063 0.040199071168900 0.0401990693062543938407493726572283776477 0.0401990730315446784248756273427716223523 
1.028402924537659 0.040405616164207 0.0404056143015623162040306226572283776477 0.0404056180268526007881568773427716223523 
1.028550148010254 0.040612135082483 0.0406121332198381562728073390644567552954 0.0406121369451284269791457859355432447046 
1.028697371482849 0.040818624198437 0.0408186223357915947684837476572283776477 0.0408186260610818793526100023427716223523 
1.028844594955444 0.041025083512068 0.0410250816494226594466354640644567552954 0.0410250853747129301529739109355432447046 
1.028991818428040 0.041231513023376 0.0412315111607313225516868726572283776477 0.0412315148860216071358131273427716223523 
1.029139041900635 0.041437909007072 0.0414379071444273064384056226572283776477 0.0414379108697175910225318773427716223523 
1.029286265373230 0.041644278913736 0.0416442770510912080306198390644567552954 0.0416442807763814787369582859355432447046 
1.029433488845825 0.041850622743368 0.0418506208807230134505417140644567552954 0.0418506246060132841568801609355432447046 
1.029580712318420 0.042056933045387 0.0420569311827421257743431226572283776477 0.0420569349080324103584693773427716223523 
1.029727935791016 0.042263213545084 0.0422632116824388642806198390644567552954 0.0422632154077291349869582859355432447046 
1.029875159263611 0.042469464242458 0.0424694623798132012137962476572283776477 0.0424694661051034857979225023427716223523 
1.030022382736206 0.042675688862801 0.0426756870001554558524681226572283776477 0.0426756907254457404365943773427716223523 
1.030169606208801 0.042881879955530 0.0428818780928850312728073390644567552954 0.0428818818181753019791457859355432447046 
1.030316829681396 0.043088044971228 0.0430880431085825105208542140644567552954 0.0430880468338727812271926609355432447046 
1.030464053153992 0.043294180184603 0.0432941783219576020735885890644567552954 0.0432941820472478727799270359355432447046 
1.030611276626587 0.043500281870365 0.0435002800077200005302024976572283776477 0.0435002837330102851143287523427716223523 
1.030758500099182 0.043706357479095 0.0437063556164503166923118726572283776477 0.0437063593417406012764381273427716223523 
1.030905723571777 0.043912403285503 0.0439124014228582451591087476572283776477 0.0439124051481485297432350023427716223523 
1.031052947044373 0.044118419289589 0.0441184174269437859305931226572283776477 0.0441184211522340705147193773427716223523 
1.031200170516968 0.044324409216642 0.0443244073539972444075729640644567552954 0.0443244110792875151139114109355432447046 
1.031347393989563 0.044530365616083 0.0445303637534380097884323390644567552954 0.0445303674787282804947707859355432447046 
1.031494617462158 0.044736292213202 0.0447362903505563874739792140644567552954 0.0447362940758466581803176609355432447046 
1.031641840934753 0.044942192733288 0.0449421908706426689872337476572283776477 0.0449421945959329535713600023427716223523 
1.031789064407349 0.045148059725761 0.0451480578631162712821556226572283776477 0.0451480615884065558662818773427716223523 
1.031936287879944 0.045353900641203 0.0453538987785577912825729640644567552954 0.0453539025038480619889114109355432447046 
1.032083511352539 0.045559711754322 0.0455597098916769097098899976572283776477 0.0455597136169671942940162523427716223523 
1.032230734825134 0.045765493065119 0.0457654912024736543196823390644567552954 0.0457654949277639250260207859355432447046 
1.032377958297729 0.045971244573593 0.0459712427109479973563743726572283776477 0.0459712464362382819405006273427716223523 
1.032525181770325 0.046176966279745 0.0461769644170999665755417140644567552954 0.0461769681423902372818801609355432447046 
1.032672405242920 0.046382661908865 0.0463826600462198396224167140644567552954 0.0463826637715101103287551609355432447046 
1.032819628715515 0.046588324010372 0.0465883221477270195731712476572283776477 0.0465883258730173041572975023427716223523 
1.032966852188110 0.046793960034847 0.0467939581722021172294212476572283776477 0.0467939618974924018135475023427716223523 
1.033114075660706 0.046999562531710 0.0469995606690645356673385890644567552954 0.0469995643943548063736770359355432447046 
1.033261299133301 0.047205138951540 0.0472051370888948579329635890644567552954 0.0472051408141851286393020359355432447046 
1.033408522605896 0.047410685569048 0.0474106837064027925032760890644567552954 0.0474106874316930632096145359355432447046 
1.033555746078491 0.047616206109524 0.0476162042468786309012962476572283776477 0.0476162079721689154854225023427716223523 
1.033702969551086 0.047821693122387 0.0478216912597417900809837476572283776477 0.0478216949850320746651100023427716223523 
1.033850193023682 0.048027150332928 0.0480271484702825615653587476572283776477 0.0480271521955728461494850023427716223523 
1.033997416496277 0.048232581466436 0.0482325796037912507552292140644567552954 0.0482325833290815214615676609355432447046 
1.034144639968872 0.048437982797623 0.0484379809349775383719993726572283776477 0.0484379846602678229561256273427716223523 
1.034291863441467 0.048643354326487 0.0486433524638414521712448390644567552954 0.0486433561891317228775832859355432447046 
1.034439086914062 0.048848696053028 0.0488486941903829643973899976572283776477 0.0488486979156732489815162523427716223523 
1.034586310386658 0.049054007977247 0.0490540061146021028060104640644567552954 0.0490540098398923735123489109355432447046 
1.034733533859253 0.049259290099144 0.0492592882364988396415306226572283776477 0.0492592919617891242256568773427716223523 
1.034880757331848 0.049464546144009 0.0494645442813634941825462476572283776477 0.0494645480066537787666725023427716223523 
1.035027980804443 0.049669768661261 0.0496697667986154695052292140644567552954 0.0496697705239057402115676609355432447046 
1.035175204277039 0.049874965101480 0.0498749632388353486556198390644567552954 0.0498749669641256193619582859355432447046 
1.035322427749634 0.050080131739378 0.0500801298767328401106979640644567552954 0.0500801336020231108170364109355432447046 
1.035469651222229 0.050285268574953 0.0502852667123079438704635890644567552954 0.0502852704375982145768020359355432447046 
1.035616874694824 0.050490379333496 0.0504903774708509514579368726572283776477 0.0504903811961412360420631273427716223523 
1.035764098167419 0.050695456564426 0.0506954547017812798270774976572283776477 0.0506954584270715644112037523427716223523 
1.035911321640015 0.050900507718325 0.0509005058556795259017135890644567552954 0.0509005095809697966080520359355432447046 
1.036058545112610 0.051105529069901 0.0511055272072553704032493726572283776477 0.0511055309325456549873756273427716223523 
1.036205768585205 0.051310520619154 0.0513105187565088410872604640644567552954 0.0513105224817991117935989109355432447046 
1.036352992057800 0.051515482366085 0.0515154805034399101981712476572283776477 0.0515154842287301947822975023427716223523 
1.036500215530396 0.051720418035984 0.0517204161733388970145774976572283776477 0.0517204198986291815987037523427716223523 
1.036647439002991 0.051925320178270 0.0519253183156252046126510890644567552954 0.0519253220409154753189895359355432447046 
1.036794662475586 0.052130196243525 0.0521301943808794160384323390644567552954 0.0521301981061696867447707859355432447046 
1.036941885948181 0.052335042506456 0.0523350406438112397689010890644567552954 0.0523350443691015104752395359355432447046 
1.037089109420776 0.052539858967066 0.0525398571044206758040573390644567552954 0.0525398608297109465103957859355432447046 
1.037236332893372 0.052744649350643 0.0527446474879980156669212476572283776477 0.0527446512132883002510475023427716223523 
1.037383556365967 0.052949406206608 0.0529494043439626763114524976572283776477 0.0529494080692529608955787523427716223523 
1.037530779838562 0.053154136985540 0.0531541351228952546614792140644567552954 0.0531541388481855253678176609355432447046 
1.037678003311157 0.053358837962151 0.0533588360995054314384056226572283776477 0.0533588398247957160225318773427716223523 
1.037825226783752 0.053563509136438 0.0535635072737932343978073390644567552954 0.0535635109990835051041457859355432447046 
1.037972450256348 0.053768150508404 0.0537681486457586357841087476572283776477 0.0537681523710489203682350023427716223523 
1.038119673728943 0.053972765803337 0.0539727639406919548759056226572283776477 0.0539727676659822394600318773427716223523 
1.038266897201538 0.054177351295948 0.0541773494333028862723899976572283776477 0.0541773531585931708565162523427716223523 
1.038414120674133 0.054381906986237 0.0543819051235914299735618726572283776477 0.0543819088488817145576881273427716223523 
1.038561344146729 0.054586432874203 0.0545864310115575859794212476572283776477 0.0545864347368478705635475023427716223523 
1.038708567619324 0.054790932685137 0.0547909308224916596907760890644567552954 0.0547909345477819303971145359355432447046 
1.038855791091919 0.054995398968458 0.0549953971058130403060104640644567552954 0.0549954008311033110123489109355432447046 
1.039003014564514 0.055199839174747 0.0551998373121023247489524976572283776477 0.0551998410373926093330787523427716223523 
1.039150238037109 0.055404249578714 0.0554042477160692353743698390644567552954 0.0554042514413595060807082859355432447046 
1.039297461509705 0.055608633905649 0.0556086320430040498274948390644567552954 0.0556086357682943205338332859355432447046 
1.039444684982300 0.055812984704971 0.0558129828423261711844993726572283776477 0.0558129865676164557686256273427716223523 
1.039591908454895 0.056017309427261 0.0560173075646162102469993726572283776477 0.0560173112899064948311256273427716223523 
1.039739131927490 0.056221604347229 0.0562216024845838616141868726572283776477 0.0562216062098741461983131273427716223523 
1.039886355400085 0.056425869464874 0.0564258676022291252860618726572283776477 0.0564258713275194098701881273427716223523 
1.010000228881836 0.014355620369315 0.0143556199036538618268865619143070944119 0.0143556208349764329729181255856929055881 
1.010000228881836 0.014355620369315 0.0143556199036538618268865619143070944119 0.0143556208349764329729181255856929055881 
1.010000228881836 0.014355620369315 0.0143556199036538618268865619143070944119 0.0143556208349764329729181255856929055881 
1.010000228881836 0.014355620369315 0.0143556199036538618268865619143070944119 0.0143556208349764329729181255856929055881 
1.010000228881836 0.014355620369315 0.0143556199036538618268865619143070944119 0.0143556208349764329729181255856929055881 
1.010000228881836 0.014355620369315 0.0143556199036538618268865619143070944119 0.0143556208349764329729181255856929055881 
1.010000228881836 0.014355620369315 0.0143556199036538618268865619143070944119 0.0143556208349764329729181255856929055881 
1.010000228881836 0.014355620369315 0.0143556199036538618268865619143070944119 0.0143556208349764329729181255856929055881 
1.010000228881836 0.014355620369315 0.0143556199036538618268865619143070944119 0.0143556208349764329729181255856929055881 
1.010000228881836 0.014355620369315 0.0143556199036538618268865619143070944119 0.0143556208349764329729181255856929055881 
1.010000228881836 0.014355620369315 0.0143556199036538618268865619143070944119 0.0143556208349764329729181255856929055881 
1.010000228881836 0.014355620369315 0.0143556199036538618268865619143070944119 0.0143556208349764329729181255856929055881 
1.010000228881836 0.014355620369315 0.0143556199036538618268865619143070944119 0.0143556208349764329729181255856929055881 
1.010000228881836 0.014355620369315 0.0143556199036538618268865619143070944119 0.0143556208349764329729181255856929055881 
1.010000228881836 0.014355620369315 0.0143556199036538618268865619143070944119 0.0143556208349764329729181255856929055881 
1.010000228881836 0.014355620369315 0.0143556199036538618268865619143070944119 0.0143556208349764329729181255856929055881 
1.010000228881836 0.014355620369315 0.0143556199036538618268865619143070944119 0.0143556208349764329729181255856929055881 
1.010000228881836 0.014355620369315 0.0143556199036538618268865619143070944119 0.0143556208349764329729181255856929055881 
1.010000228881836 0.014355620369315 0.0143556199036538618268865619143070944119 0.0143556208349764329729181255856929055881 
1.010000228881836 0.014355620369315 0.0143556199036538618268865619143070944119 0.0143556208349764329729181255856929055881 
1.010000228881836 0.014355620369315 0.0143556199036538618268865619143070944119 0.0143556208349764329729181255856929055881 
1.010000228881836 0.014355620369315 0.0143556199036538618268865619143070944119 0.0143556208349764329729181255856929055881 
1.010000228881836 0.014355620369315 0.0143556199036538618268865619143070944119 0.0143556208349764329729181255856929055881 
1.010000228881836 0.014355620369315 0.0143556199036538618268865619143070944119 0.0143556208349764329729181255856929055881 
1.010000228881836 0.014355620369315 0.0143556199036538618268865619143070944119 0.0143556208349764329729181255856929055881 
1.010000228881836 0.014355620369315 0.0143556199036538618268865619143070944119 0.0143556208349764329729181255856929055881 
1.010000228881836 0.014355620369315 0.0143556199036538618268865619143070944119 0.0143556208349764329729181255856929055881 
1.010000228881836 0.014355620369315 0.0143556199036538618268865619143070944119 0.0143556208349764329729181255856929055881 
1.010000228881836 0.014355620369315 0.0143556199036538618268865619143070944119 0.0143556208349764329729181255856929055881 
1.01000022888