1.009999990463257 0.5049999952316284179687500000000000000000 -0.9856447209604084491729736328125000000000 -0.9856447200290858745574951171875000000000 
1.010147213935852 0.5050736069679260253906250000000000000000 -0.9854344404302534110584588233905378729105 -0.9854344394989315025767950828594621270895 
1.010294437408447 0.5051472187042236328125000000000000000000 -0.9852241915650665760040283203125000000000 -0.9852241906337440013885498046875000000000 
1.010441660881042 0.5052208304405212402343750000000000000000 -0.9850139725022014625110955421405378729105 -0.9850139715708795540294318016094621270895 
1.010588884353638 0.5052944421768188476562500000000000000000 -0.9848037841729816443958611671405378729105 -0.9848037832416597359141974266094621270895 
1.010736107826233 0.5053680539131164550781250000000000000000 -0.9845936256460842139759392921405378729105 -0.9845936247147623054942755516094621270895 
1.010883331298828 0.5054416656494140625000000000000000000000 -0.9843834987841543204822869483905378729105 -0.9843834978528324120006232078594621270895 
1.011030554771423 0.5055152773857116699218750000000000000000 -0.9841734031215310096740722656250000000000 -0.9841734012588858604431152343750000000000 
1.011177778244019 0.5055888891220092773437500000000000000000 -0.9839633358642455585041375343280378729105 -0.9839633340016010754069952781719621270895 
1.011325001716614 0.5056625008583068847656250000000000000000 -0.9837533021345734596252441406250000000000 -0.9837533002719283103942871093750000000000 
1.011472225189209 0.5057361125946044921875000000000000000000 -0.9835432963445782661437988281250000000000 -0.9835432944819331169128417968750000000000 
1.011619448661804 0.5058097243309020996093750000000000000000 -0.9833333222195502765217156593280378729105 -0.9833333203569057934245734031719621270895 
1.011766672134399 0.5058833360671997070312500000000000000000 -0.9831233778968453407287597656250000000000 -0.9831233760342001914978027343750000000000 
1.011913895606995 0.5059569478034973144531250000000000000000 -0.9829134652391076087951660156250000000000 -0.9829134633764624595642089843750000000000 
1.012061119079590 0.5060305595397949218750000000000000000000 -0.9827035823836922645568847656250000000000 -0.9827035805210471153259277343750000000000 
1.012208342552185 0.5061041712760925292968750000000000000000 -0.9824937311932441241779656593280378729105 -0.9824937293305996410808234031719621270895 
1.012355566024780 0.5061777830123901367187500000000000000000 -0.9822839098051190376281738281250000000000 -0.9822839079424738883972167968750000000000 
1.012502789497375 0.5062513947486877441406250000000000000000 -0.9820741182193156726398797218280378729105 -0.9820741163566711895427374656719621270895 
1.012650012969971 0.5063250064849853515625000000000000000000 -0.9818643582984801776447625343280378729105 -0.9818643564358356945476202781719621270895 
1.012797236442566 0.5063986182212829589843750000000000000000 -0.9816546281799670703449578468280378729105 -0.9816546263173225872478155906719621270895 
1.012944459915161 0.5064722299575805664062500000000000000000 -0.9814449278637763507404656593280378729105 -0.9814449260011318676433234031719621270895 
1.013091683387756 0.5065458416938781738281250000000000000000 -0.9812352592125535011291503906250000000000 -0.9812352573499083518981933593750000000000 
1.013238906860352 0.5066194534301757812500000000000000000000 -0.9810256203636523730793328468280378729105 -0.9810256185010078899821905906719621270895 
1.013386130332947 0.5066930651664733886718750000000000000000 -0.9808160113170742988586425781250000000000 -0.9808160094544291496276855468750000000000 
1.013533353805542 0.5067666769027709960937500000000000000000 -0.9806064339354634284973144531250000000000 -0.9806064320728182792663574218750000000000 
1.013680577278137 0.5068402886390686035156250000000000000000 -0.9803968863561749458312988281250000000000 -0.9803968844935297966003417968750000000000 
1.013827800750732 0.5069139003753662109375000000000000000000 -0.9801873704418536670246453468280378729105 -0.9801873685792091839275030906719621270895 
1.013975024223328 0.5069875121116638183593750000000000000000 -0.9799778843298554420471191406250000000000 -0.9799778824672102928161621093750000000000 
1.014122247695923 0.5070611238479614257812500000000000000000 -0.9797684280201789386310906593280378729105 -0.9797684261575344555339484031719621270895 
1.014269471168518 0.5071347355842590332031250000000000000000 -0.9795590015128254890441894531250000000000 -0.9795589996501803398132324218750000000000 
1.014416694641113 0.5072083473205566406250000000000000000000 -0.9793496066704392433166503906250000000000 -0.9793496048077940940856933593750000000000 
1.014563918113708 0.5072819590568542480468750000000000000000 -0.9791402416303753852844238281250000000000 -0.9791402397677302360534667968750000000000 
1.014711141586304 0.5073555707931518554687500000000000000000 -0.9789309082552787311115594093280378729105 -0.9789309063926342480144171531719621270895 
1.014858365058899 0.5074291825294494628906250000000000000000 -0.9787216046825051307678222656250000000000 -0.9787216028198599815368652343750000000000 
1.015005588531494 0.5075027942657470703125000000000000000000 -0.9785123309120532519855828468280378729105 -0.9785123290494087688884405906719621270895 
1.015152812004089 0.5075764060020446777343750000000000000000 -0.9783030869439244270324707031250000000000 -0.9783030850812792778015136718750000000000 
1.015300035476685 0.5076500177383422851562500000000000000000 -0.9780938746407628059387207031250000000000 -0.9780938727781176567077636718750000000000 
1.015447258949280 0.5077236294746398925781250000000000000000 -0.9778846902772780902424187843280378729105 -0.9778846884146336071452765281719621270895 
1.015594482421875 0.5077972412109375000000000000000000000000 -0.9776755394414067268371582031250000000000 -0.9776755375787615776062011718750000000000 
1.015741705894470 0.5078708529472351074218750000000000000000 -0.9774664165452122688293457031250000000000 -0.9774664146825671195983886718750000000000 
1.015888929367065 0.5079444646835327148437500000000000000000 -0.9772573253139850146808953468280378729105 -0.9772573234513405315837530906719621270895 
1.016036152839661 0.5080180764198303222656250000000000000000 -0.9770482638850808143615722656250000000000 -0.9770482620224356651306152343750000000000 
1.016183376312256 0.5080916881561279296875000000000000000000 -0.9768392322584983356037469093280378729105 -0.9768392303958538525066046531719621270895 
1.016330599784851 0.5081652998924255371093750000000000000000 -0.9766302322968837268390984718280378729105 -0.9766302304342392437419562156719621270895 
1.016477823257446 0.5082389116287231445312500000000000000000 -0.9764212602749466896057128906250000000000 -0.9764212584123015403747558593750000000000 
1.016625046730042 0.5083125233650207519531250000000000000000 -0.9762123199179768562316894531250000000000 -0.9762123180553317070007324218750000000000 
1.016772270202637 0.5083861351013183593750000000000000000000 -0.9760034112259742267170281593280378729105 -0.9760034093633297436198859031719621270895 
1.016919493675232 0.5084597468376159667968750000000000000000 -0.9757945304736491687336297218280378729105 -0.9757945286110046856364874656719621270895 
1.017066717147827 0.5085333585739135742187500000000000000000 -0.9755856813862919807434082031250000000000 -0.9755856795236468315124511718750000000000 
1.017213940620422 0.5086069703102111816406250000000000000000 -0.9753768621012565143146844093280378729105 -0.9753768602386120312175421531719621270895 
1.017361164093018 0.5086805820465087890625000000000000000000 -0.9751680726185441017150878906250000000000 -0.9751680707558989524841308593750000000000 
1.017508387565613 0.5087541937828063964843750000000000000000 -0.9749593148007988929748535156250000000000 -0.9749593129381537437438964843750000000000 
1.017655611038208 0.5088278055191040039062500000000000000000 -0.9747505849227305896320672218280378729105 -0.9747505830600861065349249656719621270895 
1.017802834510803 0.5089014172554016113281250000000000000000 -0.9745418867096301562824578468280378729105 -0.9745418848469856731853155906719621270895 
1.017950057983398 0.5089750289916992187500000000000000000000 -0.9743332182988521106281609718280378729105 -0.9743332164362076275310187156719621270895 
1.018097281455994 0.5090486407279968261718750000000000000000 -0.9741245796903964526691765968280378729105 -0.9741245778277519695720343406719621270895 
1.018244504928589 0.5091222524642944335937500000000000000000 -0.9739159727469086647033691406250000000000 -0.9739159708842635154724121093750000000000 
1.018391728401184 0.5091958642005920410156250000000000000000 -0.9737073937430977821350097656250000000000 -0.9737073918804526329040527343750000000000 
1.018538951873779 0.5092694759368896484375000000000000000000 -0.9734988464042541034260125343280378729105 -0.9734988445416096203288702781719621270895 
1.018686175346375 0.5093430876731872558593750000000000000000 -0.9732903288677334785461425781250000000000 -0.9732903270050883293151855468750000000000 
1.018833398818970 0.5094166994094848632812500000000000000000 -0.9730818411335345752277703468280378729105 -0.9730818392708900921306280906719621270895 
1.018980622291565 0.5094903111457824707031250000000000000000 -0.9728733850643035419025750343280378729105 -0.9728733832016590588054327781719621270895 
1.019127845764160 0.5095639228820800781250000000000000000000 -0.9726649569347500801086425781250000000000 -0.9726649550721049308776855468750000000000 
1.019275069236755 0.5096375346183776855468750000000000000000 -0.9724565604701638221740722656250000000000 -0.9724565586075186729431152343750000000000 
1.019422292709351 0.5097111463546752929687500000000000000000 -0.9722481938078999519348144531250000000000 -0.9722481919452548027038574218750000000000 
1.019569516181946 0.5097847580909729003906250000000000000000 -0.9720398569479584693908691406250000000000 -0.9720398550853133201599121093750000000000 
1.019716739654541 0.5098583698272705078125000000000000000000 -0.9718315498903393745422363281250000000000 -0.9718315480276942253112792968750000000000 
1.019863963127136 0.5099319815635681152343750000000000000000 -0.9716232726350426673889160156250000000000 -0.9716232707723975181579589843750000000000 
1.020011186599731 0.5100055932998657226562500000000000000000 -0.9714150270447131640949578468280378729105 -0.9714150251820686809978155906719621270895 
1.020158410072327 0.5100792050361633300781250000000000000000 -0.9712068093940612323322625343280378729105 -0.9712068075314167492351202781719621270895 
1.020305633544922 0.5101528167724609375000000000000000000000 -0.9709986234083771705627441406250000000000 -0.9709986215457320213317871093750000000000 
1.020452857017517 0.5102264285087585449218750000000000000000 -0.9707904672250148303547234718280378729105 -0.9707904653623703472575812156719621270895 
1.020600080490112 0.5103000402450561523437500000000000000000 -0.9705823408439755439758300781250000000000 -0.9705823389813303947448730468750000000000 
1.020747303962708 0.5103736519813537597656250000000000000000 -0.9703742442652579791584344093280378729105 -0.9703742424026134960612921531719621270895 
1.020894527435303 0.5104472637176513671875000000000000000000 -0.9701661774888634681701660156250000000000 -0.9701661756262183189392089843750000000000 
1.021041750907898 0.5105208754539489746093750000000000000000 -0.9699581405147906787433953468280378729105 -0.9699581386521461956462530906719621270895 
1.021188974380493 0.5105944871902465820312500000000000000000 -0.9697501352056857593098015968280378729105 -0.9697501333430412762126593406719621270895 
1.021336197853088 0.5106680989265441894531250000000000000000 -0.9695421578362584114074707031250000000000 -0.9695421559736132621765136718750000000000 
1.021483421325684 0.5107417106628417968750000000000000000000 -0.9693342121317982673645019531250000000000 -0.9693342102691531181335449218750000000000 
1.021630644798279 0.5108153223991394042968750000000000000000 -0.9691262943670150287189812843280378729105 -0.9691262925043705456218390281719621270895 
1.021777868270874 0.5108889341354370117187500000000000000000 -0.9689184082671996600666375343280378729105 -0.9689184064045551769694952781719621270895 
1.021925091743469 0.5109625458717346191406250000000000000000 -0.9687105510383844375610351562500000000000 -0.9687105473130941390991210937500000000000 
1.022072315216064 0.5110361576080322265625000000000000000000 -0.9685027245432138442993164062500000000000 -0.9685027208179235458374023437500000000000 
1.022219538688660 0.5111097693443298339843750000000000000000 -0.9682949278503656387329101562500000000000 -0.9682949241250753402709960937500000000000 
1.022366762161255 0.5111833810806274414062500000000000000000 -0.9680871609598398208618164062500000000000 -0.9680871572345495223999023437500000000000 
1.022513985633850 0.5112569928169250488281250000000000000000 -0.9678794275969263560810418312030378729105 -0.9678794238716367237529425437969621270895 
1.022661209106445 0.5113306045532226562500000000000000000000 -0.9676717203110453136005730812030378729105 -0.9676717165857556812724737937969621270895 
1.022808432579041 0.5114042162895202636718750000000000000000 -0.9674640428274866588154168312030378729105 -0.9674640391021970264873175437969621270895 
1.022955656051636 0.5114778280258178710937500000000000000000 -0.9672563951462503917255730812030378729105 -0.9672563914209607593974737937969621270895 
1.023102879524231 0.5115514397621154785156250000000000000000 -0.9670487772673365123310418312030378729105 -0.9670487735420468800029425437969621270895 
1.023250102996826 0.5116250514984130859375000000000000000000 -0.9668411891907450206318230812030378729105 -0.9668411854654553883037237937969621270895 
1.023397326469421 0.5116986632347106933593750000000000000000 -0.9666336309164759166279168312030378729105 -0.9666336271911862842998175437969621270895 
1.023544549942017 0.5117722749710083007812500000000000000000 -0.9664261061698198318481445312500000000000 -0.9664261024445295333862304687500000000000 
1.023691773414612 0.5118458867073059082031250000000000000000 -0.9662186075001955032348632812500000000000 -0.9662186037749052047729492187500000000000 
1.023838996887207 0.5119194984436035156250000000000000000000 -0.9660111386328935623168945312500000000000 -0.9660111349076032638549804687500000000000 
1.023986220359802 0.5119931101799011230468750000000000000000 -0.9658036995679140090942382812500000000000 -0.9658036958426237106323242187500000000000 
1.024133443832397 0.5120667219161987304687500000000000000000 -0.9655962940305468089619012062030378729105 -0.9655962903052571766338019187969621270895 
1.024280667304993 0.5121403336524963378906250000000000000000 -0.9653889145702120311298699562030378729105 -0.9653889108449223988017706687969621270895 
1.024427890777588 0.5122139453887939453125000000000000000000 -0.9651815649121996409931512062030378729105 -0.9651815611869100086650519187969621270895 
1.024575114250183 0.5122875571250915527343750000000000000000 -0.9649742450565096385517449562030378729105 -0.9649742413312200062236456687969621270895 
1.024722337722778 0.5123611688613891601562500000000000000000 -0.9647669550031420238056512062030378729105 -0.9647669512778523914775519187969621270895 
1.024869561195374 0.5124347805976867675781250000000000000000 -0.9645596984773874282836914062500000000000 -0.9645596947520971298217773437500000000000 
1.025016784667969 0.5125083923339843750000000000000000000000 -0.9643524680286645889282226562500000000000 -0.9643524643033742904663085937500000000000 
1.025164008140564 0.5125820040702819824218750000000000000000 -0.9641452673822641372680664062500000000000 -0.9641452636569738388061523437500000000000 
1.025311231613159 0.5126556158065795898437500000000000000000 -0.9639380965381860733032226562500000000000 -0.9639380928128957748413085937500000000000 
1.025458455085754 0.5127292275428771972656250000000000000000 -0.9637309592217203624286980812030378729105 -0.9637309554964307301005987937969621270895 
1.025605678558350 0.5128028392791748046875000000000000000000 -0.9635238479822870738544793312030378729105 -0.9635238442569974415263800437969621270895 
1.025752902030945 0.5128764510154724121093750000000000000000 -0.9633167665451761729755730812030378729105 -0.9633167628198865406474737937969621270895 
1.025900125503540 0.5129500627517700195312500000000000000000 -0.9631097149103876597919793312030378729105 -0.9631097111850980274638800437969621270895 
1.026047348976135 0.5130236744880676269531250000000000000000 -0.9629026930779215343036980812030378729105 -0.9629026893526319019755987937969621270895 
1.026194572448730 0.5130972862243652343750000000000000000000 -0.9626957010477777965107293312030378729105 -0.9626956973224881641826300437969621270895 
1.026341795921326 0.5131708979606628417968750000000000000000 -0.9624887388199564464130730812030378729105 -0.9624887350946668140849737937969621270895 
1.026489019393921 0.5132445096969604492187500000000000000000 -0.9622818063944574840107293312030378729105 -0.9622818026691678516826300437969621270895 
1.026636242866516 0.5133181214332580566406250000000000000000 -0.9620749037712809093036980812030378729105 -0.9620749000459912769755987937969621270895 
1.026783466339111 0.5133917331695556640625000000000000000000 -0.9618680309504267222919793312030378729105 -0.9618680272251370899638800437969621270895 
1.026930689811707 0.5134653449058532714843750000000000000000 -0.9616611879318949229755730812030378729105 -0.9616611842066052906474737937969621270895 
1.027077913284302 0.5135389566421508789062500000000000000000 -0.9614543747156855113544793312030378729105 -0.9614543709903958790263800437969621270895 
1.027225136756897 0.5136125683784484863281250000000000000000 -0.9612475913017984874286980812030378729105 -0.9612475875765088551005987937969621270895 
1.027372360229492 0.5136861801147460937500000000000000000000 -0.9610408376902338511982293312030378729105 -0.9610408339649442188701300437969621270895 
1.027519583702087 0.5137597918510437011718750000000000000000 -0.9608341101557016372680664062500000000000 -0.9608341064304113388061523437500000000000 
1.027666807174683 0.5138334035873413085937500000000000000000 -0.9606274161487817764282226562500000000000 -0.9606274124234914779663085937500000000000 
1.027814030647278 0.5139070153236389160156250000000000000000 -0.9604207519441843032836914062500000000000 -0.9604207482188940048217773437500000000000 
1.027961254119873 0.5139806270599365234375000000000000000000 -0.9602141138166185863056512062030378729105 -0.9602141100913289539775519187969621270895 
1.028108477592468 0.5140542387962341308593750000000000000000 -0.9600075092166658885517449562030378729105 -0.9600075054913762562236456687969621270895 
1.028255701065063 0.5141278505325317382812500000000000000000 -0.9598009306937456130981445312500000000000 -0.9598009269684553146362304687500000000000 
1.028402924537659 0.5142014622688293457031250000000000000000 -0.9595943856984376907348632812500000000000 -0.9595943819731473922729492187500000000000 
1.028550148010254 0.5142750740051269531250000000000000000000 -0.9593878667801615245380730812030378729105 -0.9593878630548718922099737937969621270895 
1.028697371482849 0.5143486857414245605468750000000000000000 -0.9591813776642084121704101562500000000000 -0.9591813739389181137084960937500000000000 
1.028844594955444 0.5144222974777221679687500000000000000000 -0.9589749183505770213642449562030378729105 -0.9589749146252873890361456687969621270895 
1.028991818428040 0.5144959092140197753906250000000000000000 -0.9587684888392686843872070312500000000000 -0.9587684851139783859252929687500000000000 
1.029139041900635 0.5145695209503173828125000000000000000000 -0.9585620928555727005004882812500000000000 -0.9585620891302824020385742187500000000000 
1.029286265373230 0.5146431326866149902343750000000000000000 -0.9583557229489084727802605812030378729105 -0.9583557192236188404521612937969621270895 
1.029433488845825 0.5147167444229125976562500000000000000000 -0.9581493791192766673603387062030378729105 -0.9581493753939870350322394187969621270895 
1.029580712318420 0.5147903561592102050781250000000000000000 -0.9579430688172578811645507812500000000000 -0.9579430650919675827026367187500000000000 
1.029727935791016 0.5148639678955078125000000000000000000000 -0.9577367883175608165302605812030378729105 -0.9577367845922711842021612937969621270895 
1.029875159263611 0.5149375796318054199218750000000000000000 -0.9575305376201868057250976562500000000000 -0.9575305338948965072631835937500000000000 
1.030022382736206 0.5150111913681030273437500000000000000000 -0.9573243129998445510864257812500000000000 -0.9573243092745542526245117187500000000000 
1.030169606208801 0.5150848031044006347656250000000000000000 -0.9571181219071146495380730812030378729105 -0.9571181181818250172099737937969621270895 
1.030316829681396 0.5151584148406982421875000000000000000000 -0.9569119568914171702900262062030378729105 -0.9569119531661275379619269187969621270895 
1.030464053153992 0.5152320265769958496093750000000000000000 -0.9567058216780420787372918312030378729105 -0.9567058179527524464091925437969621270895 
1.030611276626587 0.5153056383132934570312500000000000000000 -0.9564997199922800064086914062500000000000 -0.9564997162669897079467773437500000000000 
1.030758500099182 0.5153792500495910644531250000000000000000 -0.9562936443835496902465820312500000000000 -0.9562936406582593917846679687500000000000 
1.030905723571777 0.5154528617858886718750000000000000000000 -0.9560875985771417617797851562500000000000 -0.9560875948518514633178710937500000000000 
1.031052947044373 0.5155264735221862792968750000000000000000 -0.9558815825730562210083007812500000000000 -0.9558815788477659225463867187500000000000 
1.031200170516968 0.5156000852584838867187500000000000000000 -0.9556755926460024364033074562030378729105 -0.9556755889207128040752081687969621270895 
1.031347393989563 0.5156736969947814941406250000000000000000 -0.9554696362465616710224480812030378729105 -0.9554696325212720386943487937969621270895 
1.031494617462158 0.5157473087310791015625000000000000000000 -0.9552637096494432933369012062030378729105 -0.9552637059241536610088019187969621270895 
1.031641840934753 0.5158209204673767089843750000000000000000 -0.9550578091293573379516601562500000000000 -0.9550578054040670394897460937500000000000 
1.031789064407349 0.5158945322036743164062500000000000000000 -0.9548519421368837356567382812500000000000 -0.9548519384115934371948242187500000000000 
1.031936287879944 0.5159681439399719238281250000000000000000 -0.9546461012214418895283074562030378729105 -0.9546460974961522572002081687969621270895 
1.032083511352539 0.5160417556762695312500000000000000000000 -0.9544402901083230972290039062500000000000 -0.9544402863830327987670898437500000000000 
1.032230734825134 0.5161153674125671386718750000000000000000 -0.9542345087975260264911980812030378729105 -0.9542345050722363941630987937969621270895 
1.032377958297729 0.5161889791488647460937500000000000000000 -0.9540287572890520095825195312500000000000 -0.9540287535637617111206054687500000000000 
1.032525181770325 0.5162625908851623535156250000000000000000 -0.9538230355828997142353387062030378729105 -0.9538230318576100819072394187969621270895 
1.032672405242920 0.5163362026214599609375000000000000000000 -0.9536173399537798411884637062030378729105 -0.9536173362284902088603644187969621270895 
1.032819628715515 0.5164098143577575683593750000000000000000 -0.9534116778522729873657226562500000000000 -0.9534116741269826889038085937500000000000 
1.032966852188110 0.5164834260940551757812500000000000000000 -0.9532060418277978897094726562500000000000 -0.9532060381025075912475585937500000000000 
1.033114075660706 0.5165570378303527832031250000000000000000 -0.9530004393309351451435418312030378729105 -0.9530004356056455128154425437969621270895 
1.033261299133301 0.5166306495666503906250000000000000000000 -0.9527948629111048228779168312030378729105 -0.9527948591858151905498175437969621270895 
1.033408522605896 0.5167042613029479980468750000000000000000 -0.9525893162935968883076043312030378729105 -0.9525893125683072559795050437969621270895 
1.033555746078491 0.5167778730392456054687500000000000000000 -0.9523837957531213760375976562500000000000 -0.9523837920278310775756835937500000000000 
1.033702969551086 0.5168514847755432128906250000000000000000 -0.9521783087402582168579101562500000000000 -0.9521783050149679183959960937500000000000 
1.033850193023682 0.5169250965118408203125000000000000000000 -0.9519728515297174453735351562500000000000 -0.9519728478044271469116210937500000000000 
1.033997416496277 0.5169987082481384277343750000000000000000 -0.9517674203962084300556512062030378729105 -0.9517674166709187977275519187969621270895 
1.034144639968872 0.5170723199844360351562500000000000000000 -0.9515620190650224685668945312500000000000 -0.9515620153397321701049804687500000000000 
1.034291863441467 0.5171459317207336425781250000000000000000 -0.9513566475361582286396355812030378729105 -0.9513566438108685963115362937969621270895 
1.034439086914062 0.5172195434570312500000000000000000000000 -0.9511513058096170425415039062500000000000 -0.9511513020843267440795898437500000000000 
1.034586310386658 0.5172931551933288574218750000000000000000 -0.9509459938853975780048699562030378729105 -0.9509459901601079456767706687969621270895 
1.034733533859253 0.5173667669296264648437500000000000000000 -0.9507407117635011672973632812500000000000 -0.9507407080382108688354492187500000000000 
1.034880757331848 0.5174403786659240722656250000000000000000 -0.9505354557186365127563476562500000000000 -0.9505354519933462142944335937500000000000 
1.035027980804443 0.5175139904022216796875000000000000000000 -0.9503302332013842113056512062030378729105 -0.9503302294760945789775519187969621270895 
1.035175204277039 0.5175876021385192871093750000000000000000 -0.9501250367611643321552605812030378729105 -0.9501250330358746998271612937969621270895 
1.035322427749634 0.5176612138748168945312500000000000000000 -0.9499198701232668407001824562030378729105 -0.9499198663979772083720831687969621270895 
1.035469651222229 0.5177348256111145019531250000000000000000 -0.9497147332876917369404168312030378729105 -0.9497147295624021046123175437969621270895 
1.035616874694824 0.5178084373474121093750000000000000000000 -0.9495096225291490554809570312500000000000 -0.9495096188038587570190429687500000000000 
1.035764098167419 0.5178820490837097167968750000000000000000 -0.9493045452982187271118164062500000000000 -0.9493045415729284286499023437500000000000 
1.035911321640015 0.5179556608200073242187500000000000000000 -0.9490994941443201549091668312030378729105 -0.9490994904190305225810675437969621270895 
1.036058545112610 0.5180292725563049316406250000000000000000 -0.9488944727927446365356445312500000000000 -0.9488944690674543380737304687500000000000 
1.036205768585205 0.5181028842926025390625000000000000000000 -0.9486894812434908397236199562030378729105 -0.9486894775182012073955206687969621270895 
1.036352992057800 0.5181764960289001464843750000000000000000 -0.9484845194965600967407226562500000000000 -0.9484845157712697982788085937500000000000 
1.036500215530396 0.5182501077651977539062500000000000000000 -0.9482795838266611099243164062500000000000 -0.9482795801013708114624023437500000000000 
1.036647439002991 0.5183237195014953613281250000000000000000 -0.9480746816843744761982293312030378729105 -0.9480746779590848438701300437969621270895 
1.036794662475586 0.5183973312377929687500000000000000000000 -0.9478698056191202647724480812030378729105 -0.9478698018938306324443487937969621270895 
1.036941885948181 0.5184709429740905761718750000000000000000 -0.9476649593561884410419793312030378729105 -0.9476649556308988087138800437969621270895 
1.037089109420776 0.5185445547103881835937500000000000000000 -0.9474601428955790050068230812030378729105 -0.9474601391702893726787237937969621270895 
1.037236332893372 0.5186181664466857910156250000000000000000 -0.9472553525120019912719726562500000000000 -0.9472553487867116928100585937500000000000 
1.037383556365967 0.5186917781829833984375000000000000000000 -0.9470505956560373306274414062500000000000 -0.9470505919307470321655273437500000000000 
1.037530779838562 0.5187653899192810058593750000000000000000 -0.9468458648771044261494012062030378729105 -0.9468458611518147938213019187969621270895 
1.037678003311157 0.5188390016555786132812500000000000000000 -0.9466411639004945755004882812500000000000 -0.9466411601752042770385742187500000000000 
1.037825226783752 0.5189126133918762207031250000000000000000 -0.9464364927262064464130730812030378729105 -0.9464364890009168140849737937969621270895 
1.037972450256348 0.5189862251281738281250000000000000000000 -0.9462318513542413711547851562500000000000 -0.9462318476289510726928710937500000000000 
1.038119673728943 0.5190598368644714355468750000000000000000 -0.9460272360593080520629882812500000000000 -0.9460272323340177536010742187500000000000 
1.038266897201538 0.5191334486007690429687500000000000000000 -0.9458226505666971206665039062500000000000 -0.9458226468414068222045898437500000000000 
1.038414120674133 0.5192070603370666503906250000000000000000 -0.9456180948764085769653320312500000000000 -0.9456180911511182785034179687500000000000 
1.038561344146729 0.5192806720733642578125000000000000000000 -0.9454135689884424209594726562500000000000 -0.9454135652631521224975585937500000000000 
1.038708567619324 0.5193542838096618652343750000000000000000 -0.9452090691775080211201043312030378729105 -0.9452090654522183887920050437969621270895 
1.038855791091919 0.5194278955459594726562500000000000000000 -0.9450046028941866405048699562030378729105 -0.9450045991688970081767706687969621270895 
1.039003014564514 0.5195015072822570800781250000000000000000 -0.9448001626878976821899414062500000000000 -0.9448001589626073837280273437500000000000 
1.039150238037109 0.5195751190185546875000000000000000000000 -0.9445957522839304454365105812030378729105 -0.9445957485586408131084112937969621270895 
1.039297461509705 0.5196487307548522949218750000000000000000 -0.9443913679569956309833855812030378729105 -0.9443913642317059986552862937969621270895 
1.039444684982300 0.5197223424911499023437500000000000000000 -0.9441870171576738357543945312500000000000 -0.9441870134323835372924804687500000000000 
1.039591908454895 0.5197959542274475097656250000000000000000 -0.9439826924353837966918945312500000000000 -0.9439826887100934982299804687500000000000 
1.039739131927490 0.5198695659637451171875000000000000000000 -0.9437783975154161453247070312500000000000 -0.9437783937901258468627929687500000000000 
1.039886355400085 0.5199431777000427246093750000000000000000 -0.9435741323977708816528320312500000000000 -0.9435741286724805831909179687500000000000 
1.010000228881836 0.5050001144409179687500000000000000000000 -0.9856443800963461399078369140625000000000 -0.9856443791650235652923583984375000000000 
1.010000228881836 0.5050001144409179687500000000000000000000 -0.9856443800963461399078369140625000000000 -0.9856443791650235652923583984375000000000 
1.010000228881836 0.5050001144409179687500000000000000000000 -0.9856443800963461399078369140625000000000 -0.9856443791650235652923583984375000000000 
1.010000228881836 0.5050001144409179687500000000000000000000 -0.9856443800963461399078369140625000000000 -0.9856443791650235652923583984375000000000 
1.010000228881836 0.5050001144409179687500000000000000000000 -0.9856443800963461399078369140625000000000 -0.9856443791650235652923583984375000000000 
1.010000228881836 0.5050001144409179687500000000000000000000 -0.9856443800963461399078369140625000000000 -0.9856443791650235652923583984375000000000 
1.010000228881836 0.5050001144409179687500000000000000000000 -0.9856443800963461399078369140625000000000 -0.9856443791650235652923583984375000000000 
1.010000228881836 0.5050001144409179687500000000000000000000 -0.9856443800963461399078369140625000000000 -0.9856443791650235652923583984375000000000 
1.010000228881836 0.5050001144409179687500000000000000000000 -0.9856443800963461399078369140625000000000 -0.9856443791650235652923583984375000000000 
1.010000228881836 0.5050001144409179687500000000000000000000 -0.9856443800963461399078369140625000000000 -0.9856443791650235652923583984375000000000 
1.010000228881836 0.5050001144409179687500000000000000000000 -0.9856443800963461399078369140625000000000 -0.9856443791650235652923583984375000000000 
1.010000228881836 0.5050001144409179687500000000000000000000 -0.9856443800963461399078369140625000000000 -0.9856443791650235652923583984375000000000 
1.010000228881836 0.5050001144409179687500000000000000000000 -0.9856443800963461399078369140625000000000 -0.9856443791650235652923583984375000000000 
1.010000228881836 0.5050001144409179687500000000000000000000 -0.9856443800963461399078369140625000000000 -0.9856443791650235652923583984375000000000 
1.010000228881836 0.5050001144409179687500000000000000000000 -0.9856443800963461399078369140625000000000 -0.9856443791650235652923583984375000000000 
1.010000228881836 0.5050001144409179687500000000000000000000 -0.9856443800963461399078369140625000000000 -0.9856443791650235652923583984375000000000 
1.010000228881836 0.5050001144409179687500000000000000000000 -0.9856443800963461399078369140625000000000 -0.9856443791650235652923583984375000000000 
1.010000228881836 0.5050001144409179687500000000000000000000 -0.9856443800963461399078369140625000000000 -0.9856443791650235652923583984375000000000 
1.010000228881836 0.5050001144409179687500000000000000000000 -0.9856443800963461399078369140625000000000 -0.9856443791650235652923583984375000000000 
1.010000228881836 0.5050001144409179687500000000000000000000 -0.9856443800963461399078369140625000000000 -0.9856443791650235652923583984375000000000 
1.010000228881836 0.5050001144409179687500000000000000000000 -0.9856443800963461399078369140625000000000 -0.9856443791650235652923583984375000000000 
1.010000228881836 0.5050001144409179687500000000000000000000 -0.9856443800963461399078369140625000000000 -0.9856443791650235652923583984375000000000 
1.010000228881836 0.5050001144409179687500000000000000000000 -0.9856443800963461399078369140625000000000 -0.9856443791650235652923583984375000000000 
1.010000228881836 0.5050001144409179687500000000000000000000 -0.9856443800963461399078369140625000000000 -0.9856443791650235652923583984375000000000 
1.010000228881836 0.5050001144409179687500000000000000000000 -0.9856443800963461399078369140625000000000 -0.9856443791650235652923583984375000000000 
1.010000228881836 0.5050001144409179687500000000000000000000 -0.9856443800963461399078369140625000000000 -0.9856443791650235652923583984375000000000 
1.010000228881836 0.5050001144409179687500000000000000000000 -0.9856443800963461399078369140625000000000 -0.9856443791650235652923583984375000000000 
1.010000228881836 0.5050001144409179687500000000000000000000 -0.9856443800963461399078369140625000000000 -0.9856443791650235652923583984375000000000 
1.010000228881836 0.5050001144409179687500000000000000000000 -0.9856443800963461399078369140625000000000 -0.9856443791650235652923583984375000000000 
1.010000228881836 0.5050001144409179687500000000000000000000 -0.9856443800963461399078369140625000000000 -0.9856443791650235652923583984375000000000 
1.010000228881836 0.5050001144409179687500000000000000000000 -0.9856443800963461399078369140625000000000 -0.9856443791650235652923583984375000000000 
1.010000228881836 0.5050001144409179687500000000000000000000 -0.9856443800963461399078369140625000000000 -0.9856443791650235652923583984375000000000 
1.010000228881836 0.5050001144409179687500000000000000000000 -0.9856443800963461399078369140625000000000 -0.9856443791650235652923583984375000000000 
1.010000228881836 0.5050001144409179687500000000000000000000 -0.9856443800963461399078369140625000000000 -0.9856443791650235652923583984375000000000 
1.010000228881836 0.5050001144409179687500000000000000000000 -0.9856443800963461399078369140625000000000 -0.9856443791650235652923583984375000000000 
1.010000228881836 0.5050001144409179687500000000000000000000 -0.9856443800963461399078369140625000000000 -0.9856443791650235652923583984375000000000 
1.010000228881836 0.5050001144409179687500000000000000000000 -0.9856443800963461399078369140625000000000 -0.9856443791650235652923583984375000000000 
1.010000228881836 0.5050001144409179687500000000000000000000 -0.9856443800963461399078369140625000000000 -0.9856443791650235652923583984375000000000 
1.010000228881836 0.5050001144409179687500000000000000000000 -0.9856443800963461399078369140625000000000 -0.9856443791650235652923583984375000000000 
1.010000228881836 0.5050001144409179687500000000000000000000 -0.9856443800963461399078369140625000000000 -0.9856443791650235652923583984375000000000 
1.010000228881836 0.5050001144409179687500000000000000000000 -0.9856443800963461399078369140625000000000 -0.9856443791650235652923583984375000000000 
1.010000228881836 0.5050001144409179687500000000000000000000 -0.9856443800963461399078369140625000000000 -0.985644