1.009999990463257 0.014355279505253 0.0143552790395915508270263671875000000000 0.0143552799709141254425048828125000000000 
1.010147213935852 0.014565560035408 0.0145655595697462576093572650393070944119 0.0145655605010688287553888287106929055881 
1.010294437408447 0.014775808900595 0.0147758084349334239959716796875000000000 0.0147758093662559986114501953125000000000 
1.010441660881042 0.014986027963459 0.0149860274977982061567205462893070944119 0.0149860284291207773027521099606929055881 
1.010588884353638 0.015196216292679 0.0151962158270180242719549212893070944119 0.0151962167583405954179864849606929055881 
1.010736107826233 0.015406374819577 0.0154063743539154546918767962893070944119 0.0154063752852380258379083599606929055881 
1.010883331298828 0.015616501681507 0.0156165012158453481855291400393070944119 0.0156165021471679193315607037106929055881 
1.011030554771423 0.015826597809792 0.0158265968784689903259277343750000000000 0.0158265987411141395568847656250000000000 
1.011177778244019 0.016036665067077 0.0160366641357541118984020300786141888238 0.0160366659983992541904651574213858111762 
1.011325001716614 0.016246698796749 0.0162466978654265403747558593750000000000 0.0162466997280716896057128906250000000000 
1.011472225189209 0.016456704586744 0.0164567036554217338562011718750000000000 0.0164567055180668830871582031250000000000 
1.011619448661804 0.016666678711772 0.0166666777804493938808239050786141888238 0.0166666796430945361728870324213858111762 
1.011766672134399 0.016876623034477 0.0168766221031546592712402343750000000000 0.0168766239657998085021972656250000000000 
1.011913895606995 0.017086535692215 0.0170865347608923912048339843750000000000 0.0170865366235375404357910156250000000000 
1.012061119079590 0.017296418547630 0.0172964176163077354431152343750000000000 0.0172964194789528846740722656250000000000 
1.012208342552185 0.017506269738078 0.0175062688067555462245739050786141888238 0.0175062706694006885166370324213858111762 
1.012355566024780 0.017716091126204 0.0177160901948809623718261718750000000000 0.0177160920575261116027832031250000000000 
1.012502789497375 0.017925882712007 0.0179258817806839977626598425786141888238 0.0179258836433291400547229699213858111762 
1.012650012969971 0.018135642632842 0.0181356417015194927577770300786141888238 0.0181356435641646350498401574213858111762 
1.012797236442566 0.018345372751355 0.0183453718200326000575817175786141888238 0.0183453736826777423496448449213858111762 
1.012944459915161 0.018555073067546 0.0185550721362233196620739050786141888238 0.0185550739988684619541370324213858111762 
1.013091683387756 0.018764741718769 0.0187647407874464988708496093750000000000 0.0187647426500916481018066406250000000000 
1.013238906860352 0.018974380567670 0.0189743796363472973232067175786141888238 0.0189743814989924396152698449213858111762 
1.013386130332947 0.019183989614248 0.0191839886829257011413574218750000000000 0.0191839905455708503723144531250000000000 
1.013533353805542 0.019393566995859 0.0193935660645365715026855468750000000000 0.0193935679271817207336425781250000000000 
1.013680577278137 0.019603114575148 0.0196031136438250541687011718750000000000 0.0196031155064702033996582031250000000000 
1.013827800750732 0.019812630489469 0.0198126295581460033778942175786141888238 0.0198126314207911456699573449213858111762 
1.013975024223328 0.020022116601467 0.0200221156701445579528808593750000000000 0.0200221175327897071838378906250000000000 
1.014122247695923 0.020231572911143 0.0202315719798207317714489050786141888238 0.0202315738424658740635120324213858111762 
1.014269471168518 0.020440999418497 0.0204409984871745109558105468750000000000 0.0204410003498196601867675781250000000000 
1.014416694641113 0.020650394260883 0.0206503933295607566833496093750000000000 0.0206503951922059059143066406250000000000 
1.014563918113708 0.020859759300947 0.0208597583696246147155761718750000000000 0.0208597602322697639465332031250000000000 
1.014711141586304 0.021069092676044 0.0210690917447209392909801550786141888238 0.0210690936073660815830432824213858111762 
1.014858365058899 0.021278396248817 0.0212783953174948692321777343750000000000 0.0212783971801400184631347656250000000000 
1.015005588531494 0.021487670019269 0.0214876690879464184169567175786141888238 0.0214876709505915607090198449213858111762 
1.015152812004089 0.021696913987398 0.0216969130560755729675292968750000000000 0.0216969149187207221984863281250000000000 
1.015300035476685 0.021906126290560 0.0219061253592371940612792968750000000000 0.0219061272218823432922363281250000000000 
1.015447258949280 0.022115310654044 0.0221153097227215801601207800786141888238 0.0221153115853667224521839074213858111762 
1.015594482421875 0.022324461489916 0.0223244605585932731628417968750000000000 0.0223244624212384223937988281250000000000 
1.015741705894470 0.022533584386110 0.0225335834547877311706542968750000000000 0.0225335853174328804016113281250000000000 
1.015888929367065 0.022742675617337 0.0227426746860146557216442175786141888238 0.0227426765486597980137073449213858111762 
1.016036152839661 0.022951737046242 0.0229517361149191856384277343750000000000 0.0229517379775643348693847656250000000000 
1.016183376312256 0.023160768672824 0.0231607677415013347987926550786141888238 0.0231607696041464770908557824213858111762 
1.016330599784851 0.023369768634439 0.0233697677031159435634410925786141888238 0.0233697695657610858555042199213858111762 
1.016477823257446 0.023578740656376 0.0235787397250533103942871093750000000000 0.0235787415876984596252441406250000000000 
1.016625046730042 0.023787681013346 0.0237876800820231437683105468750000000000 0.0237876819446682929992675781250000000000 
1.016772270202637 0.023996589705348 0.0239965887740254436855114050786141888238 0.0239965906366705859775745324213858111762 
1.016919493675232 0.024205470457673 0.0242054695263505016689098425786141888238 0.0242054713889956439609729699213858111762 
1.017066717147827 0.024414319545031 0.0244143186137080192565917968750000000000 0.0244143204763531684875488281250000000000 
1.017213940620422 0.024623138830066 0.0246231378987431560878551550786141888238 0.0246231397613882983799182824213858111762 
1.017361164093018 0.024831928312778 0.0248319273814558982849121093750000000000 0.0248319292441010475158691406250000000000 
1.017508387565613 0.025040686130524 0.0250406851992011070251464843750000000000 0.0250406870618462562561035156250000000000 
1.017655611038208 0.025249416008592 0.0252494150772690807704723425786141888238 0.0252494169399142230625354699213858111762 
1.017802834510803 0.025458114221692 0.0254581132903695141200817175786141888238 0.0254581151530146564121448449213858111762 
1.017950057983398 0.025666782632470 0.0256667817011475597743785925786141888238 0.0256667835637927020664417199213858111762 
1.018097281455994 0.025875421240926 0.0258754203096032177333629675786141888238 0.0258754221722483600254260949213858111762 
1.018244504928589 0.026084028184414 0.0260840272530913352966308593750000000000 0.0260840291157364845275878906250000000000 
1.018391728401184 0.026292607188225 0.0262926062569022178649902343750000000000 0.0262926081195473670959472656250000000000 
1.018538951873779 0.026501154527068 0.0265011535957455669765270300786141888238 0.0265011554583907092685901574213858111762 
1.018686175346375 0.026709672063589 0.0267096711322665214538574218750000000000 0.0267096729949116706848144531250000000000 
1.018833398818970 0.026918159797788 0.0269181588664650951747692175786141888238 0.0269181607291102374668323449213858111762 
1.018980622291565 0.027126615867019 0.0271266149356961284999645300786141888238 0.0271266167983412707920276574213858111762 
1.019127845764160 0.027335043996572 0.0273350430652499198913574218750000000000 0.0273350449278950691223144531250000000000 
1.019275069236755 0.027543440461159 0.0275434395298361778259277343750000000000 0.0275434413924813270568847656250000000000 
1.019422292709351 0.027751807123423 0.0277518061921000480651855468750000000000 0.0277518080547451972961425781250000000000 
1.019569516181946 0.027960143983364 0.0279601430520415306091308593750000000000 0.0279601449146866798400878906250000000000 
1.019716739654541 0.028168451040983 0.0281684501096606254577636718750000000000 0.0281684519723057746887207031250000000000 
1.019863963127136 0.028376728296280 0.0283767273649573326110839843750000000000 0.0283767292276024818420410156250000000000 
1.020011186599731 0.028584973886609 0.0285849729552865063075817175786141888238 0.0285849748179316485996448449213858111762 
1.020158410072327 0.028793191537261 0.0287931906059384380702770300786141888238 0.0287931924685835803623401574213858111762 
1.020305633544922 0.029001377522945 0.0290013765916228294372558593750000000000 0.0290013784542679786682128906250000000000 
1.020452857017517 0.029209533706307 0.0292095327749848400478160925786141888238 0.0292095346376299823398792199213858111762 
1.020600080490112 0.029417660087347 0.0294176591560244560241699218750000000000 0.0294176610186696052551269531250000000000 
1.020747303962708 0.029625756666064 0.0296257557347416912441051550786141888238 0.0296257575973868335361682824213858111762 
1.020894527435303 0.029833823442459 0.0298338225111365318298339843750000000000 0.0298338243737816810607910156250000000000 
1.021041750907898 0.030041860416532 0.0300418594852089916591442175786141888238 0.0300418613478541339512073449213858111762 
1.021188974380493 0.030249865725636 0.0302498647943139110927379675786141888238 0.0302498666569590533848010949213858111762 
1.021336197853088 0.030457843095064 0.0304578421637415885925292968750000000000 0.0304578440263867378234863281250000000000 
1.021483421325684 0.030665788799524 0.0306657878682017326354980468750000000000 0.0306657897308468818664550781250000000000 
1.021630644798279 0.030873706564307 0.0308737056329846416835582800786141888238 0.0308737074956297839756214074213858111762 
1.021777868270874 0.031081592664123 0.0310815917328000103359020300786141888238 0.0310815935954451526279651574213858111762 
1.021925091743469 0.031289450824261 0.0312894489616155624389648437500000000000 0.0312894526869058609008789062500000000000 
1.022072315216064 0.031497277319431 0.0314972754567861557006835937500000000000 0.0314972791820764541625976562500000000000 
1.022219538688660 0.031705074012280 0.0317050721496343612670898437500000000000 0.0317050758749246597290039062500000000000 
1.022366762161255 0.031912840902805 0.0319128390401601791381835937500000000000 0.0319128427654504776000976562500000000000 
1.022513985633850 0.032120574265718 0.0321205724030733177909446851572283776477 0.0321205761283636023750709398427716223523 
1.022661209106445 0.032328281551600 0.0323282796889543602714134351572283776477 0.0323282834142446448555396898427716223523 
1.022808432579041 0.032535959035158 0.0325359571725130150565696851572283776477 0.0325359608978032996406959398427716223523 
1.022955656051636 0.032743606716394 0.0327436048537492821464134351572283776477 0.0327436085790395667305396898427716223523 
1.023102879524231 0.032951224595308 0.0329512227326631615409446851572283776477 0.0329512264579534461250709398427716223523 
1.023250102996826 0.033158812671900 0.0331588108092546532401634351572283776477 0.0331588145345449378242896898427716223523 
1.023397326469421 0.033366370946169 0.0333663690835237572440696851572283776477 0.0333663728088140418281959398427716223523 
1.023544549942017 0.033573895692825 0.0335738938301801681518554687500000000000 0.0335738975554704666137695312500000000000 
1.023691773414612 0.033781394362450 0.0337813924998044967651367187500000000000 0.0337813962250947952270507812500000000000 
1.023838996887207 0.033988863229752 0.0339888613671064376831054687500000000000 0.0339888650923967361450195312500000000000 
1.023986220359802 0.034196302294731 0.0341963004320859909057617187500000000000 0.0341963041573762893676757812500000000000 
1.024133443832397 0.034403707832098 0.0344037059694528649100853101572283776477 0.0344037096947431494942115648427716223523 
1.024280667304993 0.034611087292433 0.0346110854297876427421165601572283776477 0.0346110891550779273262428148427716223523 
1.024427890777588 0.034818436950445 0.0348184350878000328788353101572283776477 0.0348184388130903174629615648427716223523 
1.024575114250183 0.035025756806135 0.0350257549434900353202415601572283776477 0.0350257586687803199043678148427716223523 
1.024722337722778 0.035233046859503 0.0352330449968576500663353101572283776477 0.0352330487221479346504615648427716223523 
1.024869561195374 0.035440303385258 0.0354403015226125717163085937500000000000 0.0354403052479028701782226562500000000000 
1.025016784667969 0.035647533833981 0.0356475319713354110717773437500000000000 0.0356475356966257095336914062500000000000 
1.025164008140564 0.035854734480381 0.0358547326177358627319335937500000000000 0.0358547363430261611938476562500000000000 
1.025311231613159 0.036061905324459 0.0360619034618139266967773437500000000000 0.0360619071871042251586914062500000000000 
1.025458455085754 0.036269042640924 0.0362690407782793114432884351572283776477 0.0362690445035695960274146898427716223523 
1.025605678558350 0.036476153880358 0.0364761520177126000175071851572283776477 0.0364761557430028846016334398427716223523 
1.025752902030945 0.036683235317469 0.0366832334548235008964134351572283776477 0.0366832371801137854805396898427716223523 
1.025900125503540 0.036890286952257 0.0368902850896120140800071851572283776477 0.0368902888149022986641334398427716223523 
1.026047348976135 0.037097308784723 0.0370973069220781395682884351572283776477 0.0370973106473684241524146898427716223523 
1.026194572448730 0.037304300814867 0.0373042989522218773612571851572283776477 0.0373043026775121619453834398427716223523 
1.026341795921326 0.037511263042688 0.0375112611800432274589134351572283776477 0.0375112649053335120430396898427716223523 
1.026489019393921 0.037718195468187 0.0377181936055421898612571851572283776477 0.0377181973308324744453834398427716223523 
1.026636242866516 0.037925098091364 0.0379250962287187645682884351572283776477 0.0379250999540090491524146898427716223523 
1.026783466339111 0.038131970912218 0.0381319690495729515800071851572283776477 0.0381319727748632361641334398427716223523 
1.026930689811707 0.038338813930750 0.0383388120681047508964134351572283776477 0.0383388157933950354805396898427716223523 
1.027077913284302 0.038545627146959 0.0385456252843141625175071851572283776477 0.0385456290096044471016334398427716223523 
1.027225136756897 0.038752410560846 0.0387524086982011864432884351572283776477 0.0387524124234914710274146898427716223523 
1.027372360229492 0.038959164172411 0.0389591623097658226737571851572283776477 0.0389591660350561072578834398427716223523 
1.027519583702087 0.039165891706944 0.0391658898442983627319335937500000000000 0.0391658935695886611938476562500000000000 
1.027666807174683 0.039372585713863 0.0393725838512182235717773437500000000000 0.0393725875765085220336914062500000000000 
1.027814030647278 0.039579249918461 0.0395792480558156967163085937500000000000 0.0395792517811059951782226562500000000000 
1.027961254119873 0.039785888046026 0.0397858861833810875663353101572283776477 0.0397858899086713721504615648427716223523 
1.028108477592468 0.039992492645979 0.0399924907833337853202415601572283776477 0.0399924945086240699043678148427716223523 
1.028255701065063 0.040199071168900 0.0401990693062543869018554687500000000000 0.0401990730315446853637695312500000000000 
1.028402924537659 0.040405616164207 0.0404056143015623092651367187500000000000 0.0404056180268526077270507812500000000000 
1.028550148010254 0.040612135082483 0.0406121332198381493339134351572283776477 0.0406121369451284339180396898427716223523 
1.028697371482849 0.040818624198437 0.0408186223357915878295898437500000000000 0.0408186260610818862915039062500000000000 
1.028844594955444 0.041025083512068 0.0410250816494226525077415601572283776477 0.0410250853747129370918678148427716223523 
1.028991818428040 0.041231513023376 0.0412315111607313156127929687500000000000 0.0412315148860216140747070312500000000000 
1.029139041900635 0.041437909007072 0.0414379071444272994995117187500000000000 0.0414379108697175979614257812500000000000 
1.029286265373230 0.041644278913736 0.0416442770510912010917259351572283776477 0.0416442807763814856758521898427716223523 
1.029433488845825 0.041850622743368 0.0418506208807230065116478101572283776477 0.0418506246060132910957740648427716223523 
1.029580712318420 0.042056933045387 0.0420569311827421188354492187500000000000 0.0420569349080324172973632812500000000000 
1.029727935791016 0.042263213545084 0.0422632116824388573417259351572283776477 0.0422632154077291419258521898427716223523 
1.029875159263611 0.042469464242458 0.0424694623798131942749023437500000000000 0.0424694661051034927368164062500000000000 
1.030022382736206 0.042675688862801 0.0426756870001554489135742187500000000000 0.0426756907254457473754882812500000000000 
1.030169606208801 0.042881879955530 0.0428818780928850243339134351572283776477 0.0428818818181753089180396898427716223523 
1.030316829681396 0.043088044971228 0.0430880431085825035819603101572283776477 0.0430880468338727881660865648427716223523 
1.030464053153992 0.043294180184603 0.0432941783219575951346946851572283776477 0.0432941820472478797188209398427716223523 
1.030611276626587 0.043500281870365 0.0435002800077199935913085937500000000000 0.0435002837330102920532226562500000000000 
1.030758500099182 0.043706357479095 0.0437063556164503097534179687500000000000 0.0437063593417406082153320312500000000000 
1.030905723571777 0.043912403285503 0.0439124014228582382202148437500000000000 0.0439124051481485366821289062500000000000 
1.031052947044373 0.044118419289589 0.0441184174269437789916992187500000000000 0.0441184211522340774536132812500000000000 
1.031200170516968 0.044324409216642 0.0443244073539972374686790601572283776477 0.0443244110792875220528053148427716223523 
1.031347393989563 0.044530365616083 0.0445303637534380028495384351572283776477 0.0445303674787282874336646898427716223523 
1.031494617462158 0.044736292213202 0.0447362903505563805350853101572283776477 0.0447362940758466651192115648427716223523 
1.031641840934753 0.044942192733288 0.0449421908706426620483398437500000000000 0.0449421945959329605102539062500000000000 
1.031789064407349 0.045148059725761 0.0451480578631162643432617187500000000000 0.0451480615884065628051757812500000000000 
1.031936287879944 0.045353900641203 0.0453538987785577843436790601572283776477 0.0453539025038480689278053148427716223523 
1.032083511352539 0.045559711754322 0.0455597098916769027709960937500000000000 0.0455597136169672012329101562500000000000 
1.032230734825134 0.045765493065119 0.0457654912024736473807884351572283776477 0.0457654949277639319649146898427716223523 
1.032377958297729 0.045971244573593 0.0459712427109479904174804687500000000000 0.0459712464362382888793945312500000000000 
1.032525181770325 0.046176966279745 0.0461769644170999596366478101572283776477 0.0461769681423902442207740648427716223523 
1.032672405242920 0.046382661908865 0.0463826600462198326835228101572283776477 0.0463826637715101172676490648427716223523 
1.032819628715515 0.046588324010372 0.0465883221477270126342773437500000000000 0.0465883258730173110961914062500000000000 
1.032966852188110 0.046793960034847 0.0467939581722021102905273437500000000000 0.0467939618974924087524414062500000000000 
1.033114075660706 0.046999562531710 0.0469995606690645287284446851572283776477 0.0469995643943548133125709398427716223523 
1.033261299133301 0.047205138951540 0.0472051370888948509940696851572283776477 0.0472051408141851355781959398427716223523 
1.033408522605896 0.047410685569048 0.0474106837064027855643821851572283776477 0.0474106874316930701485084398427716223523 
1.033555746078491 0.047616206109524 0.0476162042468786239624023437500000000000 0.0476162079721689224243164062500000000000 
1.033702969551086 0.047821693122387 0.0478216912597417831420898437500000000000 0.0478216949850320816040039062500000000000 
1.033850193023682 0.048027150332928 0.0480271484702825546264648437500000000000 0.0480271521955728530883789062500000000000 
1.033997416496277 0.048232581466436 0.0482325796037912438163353101572283776477 0.0482325833290815284004615648427716223523 
1.034144639968872 0.048437982797623 0.0484379809349775314331054687500000000000 0.0484379846602678298950195312500000000000 
1.034291863441467 0.048643354326487 0.0486433524638414452323509351572283776477 0.0486433561891317298164771898427716223523 
1.034439086914062 0.048848696053028 0.0488486941903829574584960937500000000000 0.0488486979156732559204101562500000000000 
1.034586310386658 0.049054007977247 0.0490540061146020958671165601572283776477 0.0490540098398923804512428148427716223523 
1.034733533859253 0.049259290099144 0.0492592882364988327026367187500000000000 0.0492592919617891311645507812500000000000 
1.034880757331848 0.049464546144009 0.0494645442813634872436523437500000000000 0.0494645480066537857055664062500000000000 
1.035027980804443 0.049669768661261 0.0496697667986154625663353101572283776477 0.0496697705239057471504615648427716223523 
1.035175204277039 0.049874965101480 0.0498749632388353417167259351572283776477 0.0498749669641256263008521898427716223523 
1.035322427749634 0.050080131739378 0.0500801298767328331718040601572283776477 0.0500801336020231177559303148427716223523 
1.035469651222229 0.050285268574953 0.0502852667123079369315696851572283776477 0.0502852704375982215156959398427716223523 
1.035616874694824 0.050490379333496 0.0504903774708509445190429687500000000000 0.0504903811961412429809570312500000000000 
1.035764098167419 0.050695456564426 0.0506954547017812728881835937500000000000 0.0506954584270715713500976562500000000000 
1.035911321640015 0.050900507718325 0.0509005058556795189628196851572283776477 0.0509005095809698035469459398427716223523 
1.036058545112610 0.051105529069901 0.0511055272072553634643554687500000000000 0.0511055309325456619262695312500000000000 
1.036205768585205 0.051310520619154 0.0513105187565088341483665601572283776477 0.0513105224817991187324928148427716223523 
1.036352992057800 0.051515482366085 0.0515154805034399032592773437500000000000 0.0515154842287302017211914062500000000000 
1.036500215530396 0.051720418035984 0.0517204161733388900756835937500000000000 0.0517204198986291885375976562500000000000 
1.036647439002991 0.051925320178270 0.0519253183156251976737571851572283776477 0.0519253220409154822578834398427716223523 
1.036794662475586 0.052130196243525 0.0521301943808794090995384351572283776477 0.0521301981061696936836646898427716223523 
1.036941885948181 0.052335042506456 0.0523350406438112328300071851572283776477 0.0523350443691015174141334398427716223523 
1.037089109420776 0.052539858967066 0.0525398571044206688651634351572283776477 0.0525398608297109534492896898427716223523 
1.037236332893372 0.052744649350643 0.0527446474879980087280273437500000000000 0.0527446512132883071899414062500000000000 
1.037383556365967 0.052949406206608 0.0529494043439626693725585937500000000000 0.0529494080692529678344726562500000000000 
1.037530779838562 0.053154136985540 0.0531541351228952477225853101572283776477 0.0531541388481855323067115648427716223523 
1.037678003311157 0.053358837962151 0.0533588360995054244995117187500000000000 0.0533588398247957229614257812500000000000 
1.037825226783752 0.053563509136438 0.0535635072737932274589134351572283776477 0.0535635109990835120430396898427716223523 
1.037972450256348 0.053768150508404 0.0537681486457586288452148437500000000000 0.0537681523710489273071289062500000000000 
1.038119673728943 0.053972765803337 0.0539727639406919479370117187500000000000 0.0539727676659822463989257812500000000000 
1.038266897201538 0.054177351295948 0.0541773494333028793334960937500000000000 0.0541773531585931777954101562500000000000 
1.038414120674133 0.054381906986237 0.0543819051235914230346679687500000000000 0.0543819088488817214965820312500000000000 
1.038561344146729 0.054586432874203 0.0545864310115575790405273437500000000000 0.0545864347368478775024414062500000000000 
1.038708567619324 0.054790932685137 0.0547909308224916527518821851572283776477 0.0547909345477819373360084398427716223523 
1.038855791091919 0.054995398968458 0.0549953971058130333671165601572283776477 0.0549954008311033179512428148427716223523 
1.039003014564514 0.055199839174747 0.0551998373121023178100585937500000000000 0.0551998410373926162719726562500000000000 
1.039150238037109 0.055404249578714 0.0554042477160692284354759351572283776477 0.0554042514413595130196021898427716223523 
1.039297461509705 0.055608633905649 0.0556086320430040428886009351572283776477 0.055608635768294327