-4.564189024713563469504151726141571998596191406250000000000000
18.087001088891945244085945887491106986999511718750000000000000
-50.064397529593868796382594155147671699523925781250000000000000
107.082187038058521011407719925045967102050781250000000000000000
-164.564452229499892155217821709811687469482421875000000000000000
178.671635302398158273717854171991348266601562500000000000000000
-133.838982826072964371633133850991725921630859375000000000000000
65.863083715132390238977677654474973678588867187500000000000000
-19.176839890478472483437144546769559383392333984375000000000000
2.504954353557325763546259622671641409397125244140625000000000
