0.258401870727539 0.5168037414550781250000000000000000000000 -0.9523116946220395728772700749686919152737 -0.9523115754127504661852299250313080847263 
0.263943850994110 0.5278877019882202148437500000000000000000 -0.9216970801353452369397700749686919152737 -0.9216969609260561302477299250313080847263 
0.277831017971039 0.5556620359420776367187500000000000000000 -0.8477204442024230957031250000000000000000 -0.8477203249931335449218750000000000000000 
0.287984460592270 0.5759689211845397949218750000000000000000 -0.7959372401237485572522700749686919152737 -0.7959371209144594505602299250313080847263 
0.299116551876068 0.5982331037521362304687500000000000000000 -0.7412204146385190650647700749686919152737 -0.7412202954292299583727299250313080847263 
0.301975607872009 0.6039512157440185546875000000000000000000 -0.7274960875511167213147700749686919152737 -0.7274959683418276146227299250313080847263 
0.313352346420288 0.6267046928405761718750000000000000000000 -0.6741423010826108619397700749686919152737 -0.6741421818733217552477299250313080847263 
0.327682435512543 0.6553648710250854492187500000000000000000 -0.6096298098564145728772700749686919152737 -0.6096296906471254661852299250313080847263 
0.332777917385101 0.6655558347702026367187500000000000000000 -0.5873684287071225806897700749686919152737 -0.5873683094978334739977299250313080847263 
0.345539867877960 0.6910797357559204101562500000000000000000 -0.5330759882926938697522700749686919152737 -0.5330758690834047630602299250313080847263 
0.354774177074432 0.7095483541488647460937500000000000000000 -0.4950271248817443847656250000000000000000 -0.4950270056724548339843750000000000000000 
0.366288930177689 0.7325778603553771972656250000000000000000 -0.4489460587501525878906250000000000000000 -0.4489459395408630371093750000000000000000 
0.373648077249527 0.7472961544990539550781250000000000000000 -0.4202480912208557128906250000000000000000 -0.4202479720115661621093750000000000000000 
0.385134279727936 0.7702685594558715820312500000000000000000 -0.3765665888786313697522700749686919152737 -0.3765664696693422630602299250313080847263 
0.399522572755814 0.7990451455116271972656250000000000000000 -0.3236511349678039550781250000000000000000 -0.3236510157585144042968750000000000000000 
0.409162253141403 0.8183245062828063964843750000000000000000 -0.2892550826072690650647700749686919152737 -0.2892549633979799583727299250313080847263 
0.416357427835464 0.8327148556709289550781250000000000000000 -0.2641056180000305175781250000000000000000 -0.2641054987907409667968750000000000000000 
0.427173316478729 0.8543466329574584960937500000000000000000 -0.2271066308021545410156250000000000000000 -0.2271065115928649902343750000000000000000 
0.431416392326355 0.8628327846527099609375000000000000000000 -0.2128471732139585181897700749686919152737 -0.2128470540046694114977299250313080847263 
0.446070075035095 0.8921401500701904296875000000000000000000 -0.1646577715873716041272700749686919152737 -0.1646576523780824974352299250313080847263 
0.450163424015045 0.9003268480300903320312500000000000000000 -0.1514793038368225097656250000000000000000 -0.1514791846275329589843750000000000000000 
0.462429285049438 0.9248585700988769531250000000000000000000 -0.1126953959465024635022700749686919152737 -0.1126952767372133568102299250313080847263 
0.471372753381729 0.9427455067634582519531250000000000000000 -0.0850598216056821510022700749686919152737 -0.0850597023963930443102299250313080847263 
0.488042235374451 0.9760844707489013671875000000000000000000 -0.0349221825599670410156250000000000000000 -0.0349220633506774902343750000000000000000 
0.491567283868790 0.9831345677375793457031250000000000000000 -0.0245392918586730957031250000000000000000 -0.0245391726493835449218750000000000000000 
0.504009962081909 0.5040099620819091796875000000000000000000 -0.9884758889675139270636350374843459576368 -0.9884758293628693737176149625156540423632 
0.511298477649689 0.5112984776496887207031250000000000000000 -0.9677623808383941650390625000000000000000 -0.9677623212337493896484375000000000000000 
0.521088719367981 0.5210887193679809570312500000000000000000 -0.9403990805149078369140625000000000000000 -0.9403990209102630615234375000000000000000 
0.539989948272705 0.5399899482727050781250000000000000000000 -0.8889955580234527587890625000000000000000 -0.8889954984188079833984375000000000000000 
0.542183279991150 0.5421832799911499023437500000000000000000 -0.8831475079059600830078125000000000000000 -0.8831474483013153076171875000000000000000 
0.555130124092102 0.5551301240921020507812500000000000000000 -0.8491021692752838134765625000000000000000 -0.8491021096706390380859375000000000000000 
0.568391978740692 0.5683919787406921386718750000000000000000 -0.8150419294834136962890625000000000000000 -0.8150418698787689208984375000000000000000 
0.576127290725708 0.5761272907257080078125000000000000000000 -0.7955405414104460559698850374843459576368 -0.7955404818058015026238649625156540423632 
0.582961261272430 0.5829612612724304199218750000000000000000 -0.7785281240940093994140625000000000000000 -0.7785280644893646240234375000000000000000 
0.596376538276672 0.5963765382766723632812500000000000000000 -0.7457046210765837512823850374843459576368 -0.7457045614719391979363649625156540423632 
0.605243921279907 0.6052439212799072265625000000000000000000 -0.7244114577770232044073850374843459576368 -0.7244113981723786510613649625156540423632 
0.614936888217926 0.6149368882179260253906250000000000000000 -0.7014897763729094348761350374843459576368 -0.7014897167682648815301149625156540423632 
0.629728913307190 0.6297289133071899414062500000000000000000 -0.6671971976757048450323850374843459576368 -0.6671971380710602916863649625156540423632 
0.632926344871521 0.6329263448715209960937500000000000000000 -0.6598905026912688098761350374843459576368 -0.6598904430866242565301149625156540423632 
0.647714793682098 0.6477147936820983886718750000000000000000 -0.6265694200992584228515625000000000000000 -0.6265693604946136474609375000000000000000 
0.655268728733063 0.6552687287330627441406250000000000000000 -0.6098414361476897083136350374843459576368 -0.6098413765430451549676149625156540423632 
0.667700469493866 0.6677004694938659667968750000000000000000 -0.5827270448207854114386350374843459576368 -0.5827269852161408580926149625156540423632 
0.674003660678864 0.6740036606788635253906250000000000000000 -0.5691716969013214111328125000000000000000 -0.5691716372966766357421875000000000000000 
0.688916742801666 0.6889167428016662597656250000000000000000 -0.5375984609127043567511350374843459576368 -0.5375984013080598034051149625156540423632 
0.692834615707397 0.6928346157073974609375000000000000000000 -0.5294171273708342395636350374843459576368 -0.5294170677661896862176149625156540423632 
0.703526139259338 0.7035261392593383789062500000000000000000 -0.5073240697383879505011350374843459576368 -0.5073240101337433971551149625156540423632 
0.718078851699829 0.7180788516998291015625000000000000000000 -0.4777858406305313110351562500000000000000 -0.4777858108282089233398437500000000000000 
0.729191899299622 0.7291918992996215820312500000000000000000 -0.4556295722723006647036925187421729788184 -0.4556295424699783880306824812578270211816 
0.730699241161346 0.7306992411613464355468750000000000000000 -0.4526504129171370904849425187421729788184 -0.4526503831148148138119324812578270211816 
0.749495029449463 0.7494950294494628906250000000000000000000 -0.4160092025995254516601562500000000000000 -0.4160091727972030639648437500000000000000 
