2.0000000000000000000000000000000000000000 1.0000000000000000000000000000000000000000 0.9999999701976776123046875000000000000000 1.0000000596046447753906250000000000000000 
2.0000002384185791015625000000000000000000 1.0000001192092895507812500000000000000000 1.0000000596046449974352299250313080847263 1.0000001788139341041272700749686919152737 
2.0010001659393310546875000000000000000000 1.0007213354110717773437500000000000000000 1.0007212758064272239977299250313080847263 1.0007213950157163306897700749686919152737 
2.0020000934600830078125000000000000000000 1.0014420747756958007812500000000000000000 1.0014420151710512474352299250313080847263 1.0014421343803403541272700749686919152737 
2.0030000209808349609375000000000000000000 1.0021624565124511718750000000000000000000 1.0021623969078063964843750000000000000000 1.0021625161170959472656250000000000000000 
2.0040001869201660156250000000000000000000 1.0028825998306274414062500000000000000000 1.0028825402259828880602299250313080847263 1.0028826594352719947522700749686919152737 
2.0050001144409179687500000000000000000000 1.0036022663116455078125000000000000000000 1.0036022067070007324218750000000000000000 1.0036023259162902832031250000000000000000 
2.0060000419616699218750000000000000000000 1.0043216943740844726562500000000000000000 1.0043216347694399193102299250313080847263 1.0043217539787290260022700749686919152737 
2.0069999694824218750000000000000000000000 1.0050406455993652343750000000000000000000 1.0050405859947204589843750000000000000000 1.0050407052040100097656250000000000000000 
2.0079998970031738281250000000000000000000 1.0057592391967773437500000000000000000000 1.0057591795921325683593750000000000000000 1.0057592988014221191406250000000000000000 
2.0089998245239257812500000000000000000000 1.0064774751663208007812500000000000000000 1.0064774155616762474352299250313080847263 1.0064775347709653541272700749686919152737 
2.0000014305114746093750000000000000000000 1.0000010728836059570312500000000000000000 1.0000010132789614036852299250313080847263 1.0000011324882505103772700749686919152737 
2.0005369186401367187500000000000000000000 1.0003873109817504882812500000000000000000 1.0003872513771059349352299250313080847263 1.0003873705863950416272700749686919152737 
2.0013632774353027343750000000000000000000 1.0009831190109252929687500000000000000000 1.0009830594062807396227299250313080847263 1.0009831786155698463147700749686919152737 
2.0039899349212646484375000000000000000000 1.0028752088546752929687500000000000000000 1.0028751492500307396227299250313080847263 1.0028752684593198463147700749686919152737 
2.0054411888122558593750000000000000000000 1.0039196014404296875000000000000000000000 1.0039195418357849121093750000000000000000 1.0039196610450744628906250000000000000000 
2.0078885555267333984375000000000000000000 1.0056792497634887695312500000000000000000 1.0056791901588442161852299250313080847263 1.0056793093681333228772700749686919152737 
2.0086386203765869140625000000000000000000 1.0062180757522583007812500000000000000000 1.0062180161476137474352299250313080847263 1.0062181353569028541272700749686919152737 
2.0091009140014648437500000000000000000000 1.0065500736236572265625000000000000000000 1.0065500140190124511718750000000000000000 1.0065501332283020019531250000000000000000 
2.0094552040100097656250000000000000000000 1.0068044662475585937500000000000000000000 1.0068044066429138183593750000000000000000 1.0068045258522033691406250000000000000000 
2.0097467899322509765625000000000000000000 1.0070137977600097656250000000000000000000 1.0070137381553649902343750000000000000000 1.0070138573646545410156250000000000000000 
2.0000061988830566406250000000000000000000 1.0000045299530029296875000000000000000000 1.0000044703483581542968750000000000000000 1.0000045895576477050781250000000000000000 
2.0012958049774169921875000000000000000000 1.0009344816207885742187500000000000000000 1.0009344220161440208727299250313080847263 1.0009345412254331275647700749686919152737 
2.0037953853607177734375000000000000000000 1.0027351379394531250000000000000000000000 1.0027350783348083496093750000000000000000 1.0027351975440979003906250000000000000000 
2.0048882961273193359375000000000000000000 1.0035218000411987304687500000000000000000 1.0035217404365541771227299250313080847263 1.0035218596458432838147700749686919152737 
2.0057618618011474609375000000000000000000 1.0041502714157104492187500000000000000000 1.0041502118110658958727299250313080847263 1.0041503310203550025647700749686919152737 
2.0065631866455078125000000000000000000000 1.0047265291213989257812500000000000000000 1.0047264695167543724352299250313080847263 1.0047265887260434791272700749686919152737 
2.0084397792816162109375000000000000000000 1.0060752630233764648437500000000000000000 1.0060752034187319114977299250313080847263 1.0060753226280210181897700749686919152737 
2.0091238021850585937500000000000000000000 1.0065665245056152343750000000000000000000 1.0065664649009704589843750000000000000000 1.0065665841102600097656250000000000000000 
2.0095038414001464843750000000000000000000 1.0068393945693969726562500000000000000000 1.0068393349647524193102299250313080847263 1.0068394541740415260022700749686919152737 
2.0097784996032714843750000000000000000000 1.0070365667343139648437500000000000000000 1.0070365071296694114977299250313080847263 1.0070366263389585181897700749686919152737 
2.0000083446502685546875000000000000000000 1.0000059604644775390625000000000000000000 1.0000059008598327636718750000000000000000 1.0000060200691223144531250000000000000000 
2.0014123916625976562500000000000000000000 1.0010185241699218750000000000000000000000 1.0010184645652770996093750000000000000000 1.0010185837745666503906250000000000000000 
2.0021307468414306640625000000000000000000 1.0015362501144409179687500000000000000000 1.0015361905097963646227299250313080847263 1.0015363097190854713147700749686919152737 
2.0027563571929931640625000000000000000000 1.0019869804382324218750000000000000000000 1.0019869208335876464843750000000000000000 1.0019870400428771972656250000000000000000 
2.0035109519958496093750000000000000000000 1.0025304555892944335937500000000000000000 1.0025303959846498802477299250313080847263 1.0025305151939389869397700749686919152737 
2.0045583248138427734375000000000000000000 1.0032844543457031250000000000000000000000 1.0032843947410583496093750000000000000000 1.0032845139503479003906250000000000000000 
2.0063264369964599609375000000000000000000 1.0045562982559204101562500000000000000000 1.0045562386512758568102299250313080847263 1.0045563578605649635022700749686919152737 
2.0070729255676269531250000000000000000000 1.0050929784774780273437500000000000000000 1.0050929188728334739977299250313080847263 1.0050930380821225806897700749686919152737 
2.0078585147857666015625000000000000000000 1.0056575536727905273437500000000000000000 1.0056574940681459739977299250313080847263 1.0056576132774350806897700749686919152737 
2.0086052417755126953125000000000000000000 1.0061939954757690429687500000000000000000 1.0061939358711244896227299250313080847263 1.0061940550804135963147700749686919152737 
2.0000228881835937500000000000000000000000 1.0000164508819580078125000000000000000000 1.0000163912773132324218750000000000000000 1.0000165104866027832031250000000000000000 
2.0019075870513916015625000000000000000000 1.0013754367828369140625000000000000000000 1.0013753771781921386718750000000000000000 1.0013754963874816894531250000000000000000 
2.0044362545013427734375000000000000000000 1.0031964778900146484375000000000000000000 1.0031964182853698730468750000000000000000 1.0031965374946594238281250000000000000000 
2.0053651332855224609375000000000000000000 1.0038648843765258789062500000000000000000 1.0038648247718813255602299250313080847263 1.0038649439811704322522700749686919152737 
2.0059304237365722656250000000000000000000 1.0042715072631835937500000000000000000000 1.0042714476585388183593750000000000000000 1.0042715668678283691406250000000000000000 
2.0064516067504882812500000000000000000000 1.0046463012695312500000000000000000000000 1.0046462416648864746093750000000000000000 1.0046463608741760253906250000000000000000 
2.0069084167480468750000000000000000000000 1.0049747228622436