1.009999990463256835937500000000 0.504999995231628417968750000000
1.010147213935852050781250000000 0.505073606967926025390625000000
1.010294437408447265625000000000 0.505147218704223632812500000000
1.010441660881042480468750000000 0.505220830440521240234375000000
1.010588884353637695312500000000 0.505294442176818847656250000000
1.010736107826232910156250000000 0.505368053913116455078125000000
1.010883331298828125000000000000 0.505441665649414062500000000000
1.011030554771423339843750000000 0.505515277385711669921875000000
1.011177778244018554687500000000 0.505588889122009277343750000000
1.011325001716613769531250000000 0.505662500858306884765625000000
1.011472225189208984375000000000 0.505736112594604492187500000000
1.011619448661804199218750000000 0.505809724330902099609375000000
1.011766672134399414062500000000 0.505883336067199707031250000000
1.011913895606994628906250000000 0.505956947803497314453125000000
1.012061119079589843750000000000 0.506030559539794921875000000000
1.012208342552185058593750000000 0.506104171276092529296875000000
1.012355566024780273437500000000 0.506177783012390136718750000000
1.012502789497375488281250000000 0.506251394748687744140625000000
1.012650012969970703125000000000 0.506325006484985351562500000000
1.012797236442565917968750000000 0.506398618221282958984375000000
1.012944459915161132812500000000 0.506472229957580566406250000000
1.013091683387756347656250000000 0.506545841693878173828125000000
1.013238906860351562500000000000 0.506619453430175781250000000000
1.013386130332946777343750000000 0.506693065166473388671875000000
1.013533353805541992187500000000 0.506766676902770996093750000000
1.013680577278137207031250000000 0.506840288639068603515625000000
1.013827800750732421875000000000 0.506913900375366210937500000000
1.013975024223327636718750000000 0.506987512111663818359375000000
1.014122247695922851562500000000 0.507061123847961425781250000000
1.014269471168518066406250000000 0.507134735584259033203125000000
1.014416694641113281250000000000 0.507208347320556640625000000000
1.014563918113708496093750000000 0.507281959056854248046875000000
1.014711141586303710937500000000 0.507355570793151855468750000000
1.014858365058898925781250000000 0.507429182529449462890625000000
1.015005588531494140625000000000 0.507502794265747070312500000000
1.015152812004089355468750000000 0.507576406002044677734375000000
1.015300035476684570312500000000 0.507650017738342285156250000000
1.015447258949279785156250000000 0.507723629474639892578125000000
1.015594482421875000000000000000 0.507797241210937500000000000000
1.015741705894470214843750000000 0.507870852947235107421875000000
1.015888929367065429687500000000 0.507944464683532714843750000000
1.016036152839660644531250000000 0.508018076419830322265625000000
1.016183376312255859375000000000 0.508091688156127929687500000000
1.016330599784851074218750000000 0.508165299892425537109375000000
1.016477823257446289062500000000 0.508238911628723144531250000000
1.016625046730041503906250000000 0.508312523365020751953125000000
1.016772270202636718750000000000 0.508386135101318359375000000000
1.016919493675231933593750000000 0.508459746837615966796875000000
1.017066717147827148437500000000 0.508533358573913574218750000000
1.017213940620422363281250000000 0.508606970310211181640625000000
1.017361164093017578125000000000 0.508680582046508789062500000000
1.017508387565612792968750000000 0.508754193782806396484375000000
1.017655611038208007812500000000 0.508827805519104003906250000000
1.017802834510803222656250000000 0.508901417255401611328125000000
1.017950057983398437500000000000 0.508975028991699218750000000000
1.018097281455993652343750000000 0.509048640727996826171875000000
1.018244504928588867187500000000 0.509122252464294433593750000000
1.018391728401184082031250000000 0.509195864200592041015625000000
1.018538951873779296875000000000 0.509269475936889648437500000000
1.018686175346374511718750000000 0.509343087673187255859375000000
1.018833398818969726562500000000 0.509416699409484863281250000000
1.018980622291564941406250000000 0.509490311145782470703125000000
1.019127845764160156250000000000 0.509563922882080078125000000000
1.019275069236755371093750000000 0.509637534618377685546875000000
1.019422292709350585937500000000 0.509711146354675292968750000000
1.019569516181945800781250000000 0.509784758090972900390625000000
1.019716739654541015625000000000 0.509858369827270507812500000000
1.019863963127136230468750000000 0.509931981563568115234375000000
1.020011186599731445312500000000 0.510005593299865722656250000000
1.020158410072326660156250000000 0.510079205036163330078125000000
1.020305633544921875000000000000 0.510152816772460937500000000000
1.020452857017517089843750000000 0.510226428508758544921875000000
1.020600080490112304687500000000 0.510300040245056152343750000000
1.020747303962707519531250000000 0.510373651981353759765625000000
1.020894527435302734375000000000 0.510447263717651367187500000000
1.021041750907897949218750000000 0.510520875453948974609375000000
1.021188974380493164062500000000 0.510594487190246582031250000000
1.021336197853088378906250000000 0.510668098926544189453125000000
1.021483421325683593750000000000 0.510741710662841796875000000000
1.021630644798278808593750000000 0.510815322399139404296875000000
1.021777868270874023437500000000 0.510888934135437011718750000000
1.021925091743469238281250000000 0.510962545871734619140625000000
1.022072315216064453125000000000 0.511036157608032226562500000000
1.022219538688659667968750000000 0.511109769344329833984375000000
1.022366762161254882812500000000 0.511183381080627441406250000000
1.022513985633850097656250000000 0.511256992816925048828125000000
1.022661209106445312500000000000 0.511330604553222656250000000000
1.022808432579040527343750000000 0.511404216289520263671875000000
1.022955656051635742187500000000 0.511477828025817871093750000000
1.023102879524230957031250000000 0.511551439762115478515625000000
1.023250102996826171875000000000 0.511625051498413085937500000000
1.023397326469421386718750000000 0.511698663234710693359375000000
1.023544549942016601562500000000 0.511772274971008300781250000000
1.023691773414611816406250000000 0.511845886707305908203125000000
1.023838996887207031250000000000 0.511919498443603515625000000000
1.023986220359802246093750000000 0.511993110179901123046875000000
1.024133443832397460937500000000 0.512066721916198730468750000000
1.024280667304992675781250000000 0.512140333652496337890625000000
1.024427890777587890625000000000 0.512213945388793945312500000000
1.024575114250183105468750000000 0.512287557125091552734375000000
1.024722337722778320312500000000 0.512361168861389160156250000000
1.024869561195373535156250000000 0.512434780597686767578125000000
1.025016784667968750000000000000 0.512508392333984375000000000000
1.025164008140563964843750000000 0.512582004070281982421875000000
1.025311231613159179687500000000 0.512655615806579589843750000000
1.025458455085754394531250000000 0.512729227542877197265625000000
1.025605678558349609375000000000 0.512802839279174804687500000000
1.025752902030944824218750000000 0.512876451015472412109375000000
1.025900125503540039062500000000 0.512950062751770019531250000000
1.026047348976135253906250000000 0.513023674488067626953125000000
1.026194572448730468750000000000 0.513097286224365234375000000000
1.026341795921325683593750000000 0.513170897960662841796875000000
1.026489019393920898437500000000 0.513244509696960449218750000000
1.026636242866516113281250000000 0.513318121433258056640625000000
1.026783466339111328125000000000 0.513391733169555664062500000000
1.026930689811706542968750000000 0.513465344905853271484375000000
1.027077913284301757812500000000 0.513538956642150878906250000000
1.027225136756896972656250000000 0.513612568378448486328125000000
1.027372360229492187500000000000 0.513686180114746093750000000000
1.027519583702087402343750000000 0.513759791851043701171875000000
1.027666807174682617187500000000 0.513833403587341308593750000000
1.027814030647277832031250000000 0.513907015323638916015625000000
1.027961254119873046875000000000 0.513980627059936523437500000000
1.028108477592468261718750000000 0.514054238796234130859375000000
1.028255701065063476562500000000 0.514127850532531738281250000000
1.028402924537658691406250000000 0.514201462268829345703125000000
1.028550148010253906250000000000 0.514275074005126953125000000000
1.028697371482849121093750000000 0.514348685741424560546875000000
1.028844594955444335937500000000 0.514422297477722167968750000000
1.028991818428039550781250000000 0.514495909214019775390625000000
1.029139041900634765625000000000 0.514569520950317382812500000000
1.029286265373229980468750000000 0.514643132686614990234375000000
1.029433488845825195312500000000 0.514716744422912597656250000000
1.029580712318420410156250000000 0.514790356159210205078125000000
1.029727935791015625000000000000 0.514863967895507812500000000000
1.029875159263610839843750000000 0.514937579631805419921875000000
1.030022382736206054687500000000 0.515011191368103027343750000000
1.030169606208801269531250000000 0.515084803104400634765625000000
1.030316829681396484375000000000 0.515158414840698242187500000000
1.030464053153991699218750000000 0.515232026576995849609375000000
1.030611276626586914062500000000 0.515305638313293457031250000000
1.030758500099182128906250000000 0.515379250049591064453125000000
1.030905723571777343750000000000 0.515452861785888671875000000000
1.031052947044372558593750000000 0.515526473522186279296875000000
1.031200170516967773437500000000 0.515600085258483886718750000000
1.031347393989562988281250000000 0.515673696994781494140625000000
1.031494617462158203125000000000 0.515747308731079101562500000000
1.031641840934753417968750000000 0.515820920467376708984375000000
1.031789064407348632812500000000 0.515894532203674316406250000000
1.031936287879943847656250000000 0.515968143939971923828125000000
1.032083511352539062500000000000 0.516041755676269531250000000000
1.032230734825134277343750000000 0.516115367412567138671875000000
1.032377958297729492187500000000 0.516188979148864746093750000000
1.032525181770324707031250000000 0.516262590885162353515625000000
1.032672405242919921875000000000 0.516336202621459960937500000000
1.032819628715515136718750000000 0.516409814357757568359375000000
1.032966852188110351562500000000 0.516483426094055175781250000000
1.033114075660705566406250000000 0.516557037830352783203125000000
1.033261299133300781250000000000 0.516630649566650390625000000000
1.033408522605895996093750000000 0.516704261302947998046875000000
1.033555746078491210937500000000 0.516777873039245605468750000000
1.033702969551086425781250000000 0.516851484775543212890625000000
1.033850193023681640625000000000 0.516925096511840820312500000000
1.033997416496276855468750000000 0.516998708248138427734375000000
1.034144639968872070312500000000 0.517072319984436035156250000000
1.034291863441467285156250000000 0.517145931720733642578125000000
1.034439086914062500000000000000 0.517219543457031250000000000000
1.034586310386657714843750000000 0.517293155193328857421875000000
1.034733533859252929687500000000 0.517366766929626464843750000000
1.034880757331848144531250000000 0.517440378665924072265625000000
1.035027980804443359375000000000 0.517513990402221679687500000000
1.035175204277038574218750000000 0.517587602138519287109375000000
1.035322427749633789062500000000 0.517661213874816894531250000000
1.035469651222229003906250000000 0.517734825611114501953125000000
1.035616874694824218750000000000 0.517808437347412109375000000000
1.035764098167419433593750000000 0.517882049083709716796875000000
1.035911321640014648437500000000 0.517955660820007324218750000000
1.036058545112609863281250000000 0.518029272556304931640625000000
1.036205768585205078125000000000 0.518102884292602539062500000000
1.036352992057800292968750000000 0.518176496028900146484375000000
1.036500215530395507812500000000 0.518250107765197753906250000000
1.036647439002990722656250000000 0.518323719501495361328125000000
1.036794662475585937500000000000 0.518397331237792968750000000000
1.036941885948181152343750000000 0.518470942974090576171875000000
1.037089109420776367187500000000 0.518544554710388183593750000000
1.037236332893371582031250000000 0.518618166446685791015625000000
1.0373835563