0.000000059604645 0.5000000000000000000000000000000000000000 -1.0078125000000000000000000000000000000000 -0.9921875000000000000000000000000000000000 
0.000039160251617 0.6416015625000000000000000000000000000000 -0.6445312500000000000000000000000000000000 -0.6367187500000000000000000000000000000000 
0.000078260898590 0.6411132812500000000000000000000000000000 -0.6445312500000000000000000000000000000000 -0.6367187500000000000000000000000000000000 
0.000117361545563 0.9614257812500000000000000000000000000000 -0.0585927963256835937500000000000000000000 -0.0507822036743164062500000000000000000000 
0.000190854072571 0.7817382812500000000000000000000000000000 -0.3554677963256835937500000000000000000000 -0.3476572036743164062500000000000000000000 
0.000293970108032 0.6020507812500000000000000000000000000000 -0.7382812500000000000000000000000000000000 -0.7304687500000000000000000000000000000000 
0.000450372695923 0.9223632812500000000000000000000000000000 -0.1210927963256835937500000000000000000000 -0.1132822036743164062500000000000000000000 
0.000725269317627 0.7426757812500000000000000000000000000000 -0.4335927963256835937500000000000000000000 -0.4257822036743164062500000000000000000000 
0.001099586486816 0.5629882812500000000000000000000000000000 -0.8320312500000000000000000000000000000000 -0.8242187500000000000000000000000000000000 
0.001725196838379 0.8833007812500000000000000000000000000000 -0.1835927963256835937500000000000000000000 -0.1757822036743164062500000000000000000000 
0.002748489379883 0.7036132812500000000000000000000000000000 -0.5117177963256835937500000000000000000000 -0.5039072036743164062500000000000000000000 
0.004093170166016 0.5239257812500000000000000000000000000000 -0.9355463981628417968750000000000000000000 -0.9316411018371582031250000000000000000000 
0.006595611572266 0.8442382812500000000000000000000000000000 -0.2480463981628417968750000000000000000000 -0.2441411018371582031250000000000000000000 
0.010383605957031 0.6645507812500000000000000000000000000000 -0.5917963981628417968750000000000000000000 -0.5878911018371582031250000000000000000000 
0.015388488769531 0.9848632812500000000000000000000000000000 -0.0253906250000000000000000000000000000000 -0.0214843750000000000000000000000000000000 
0.025161743164062 0.8051757812500000000000000000000000000000 -0.3144531250000000000000000000000000000000 -0.3105468750000000000000000000000000000000 
0.039093017578125 0.6254882812500000000000000000000000000000 -0.6777338981628417968750000000000000000000 -0.6738286018371582031250000000000000000000 
0.059112548828125 0.9458007812500000000000000000000000000000 -0.0839838981628417968750000000000000000000 -0.0800786018371582031250000000000000000000 
0.095764160156250 0.7661132812500000000000000000000000000000 -0.3857419490814208984375000000000000000000 -0.3837893009185791015625000000000000000000 
0.146606445312500 0.5864257812500000000000000000000000000000 -0.7705078125000000000000000000000000000000 -0.7685546875000000000000000000000000000000 
0.226684570312500 0.9067382812500000000000000000000000000000 -0.1416015625000000000000000000000000000000 -0.1396484375000000000000000000000000000000 
0.363525390625000 0.7270507812500000000000000000000000000000 -0.4604490995407104492187500000000000000000 -0.4594727754592895507812500000000000000000 
0.547363281250000 0.5473632812500000000000000000000000000000 -0.8698729872703552246093750000000000000000 -0.8693848252296447753906250000000000000000 
0.867675781250000 0.8676757812500000000000000000000000000000 -0.2047729343175888061523437500000000000000 -0.2046508938074111938476562500000000000000 
1.375976562500000 0.6879882812500000000000000000000000000000 -0.5396728515625000000000000000000000000000 -0.5394287109375000000000000000000000000000 
2.033203125000000 0.5083007812500000000000000000000000000000 -0.9770507812500000000000000000000000000000 -0.9760742187500000000000000000000000000000 
3.314453125000000 0.8286132812500000000000000000000000000000 -0.2719726562500000000000000000000000000000 -0.2709960937500000000000000000000000000000 
5.191406250000000 0.6489257812500000000000000000000000000000 -0.6240231990814208984375000000000000000000 -0.6220705509185791015625000000000000000000 
7.753906250000000 0.9692382812500000000000000000000000000000 -0.0458981990814208984375000000000000000000 -0.0439455509185791015625000000000000000000 
12.632812500000000 0.7895507812500000000000000000000000000000 -0.3427731990814208984375000000000000000000 -0.3408205509185791015625000000000000000000 
19.515625000000000 0.6098632812500000000000000000000000000000 -0.7167963981628417968750000000000000000000 -0.7128911018371582031250000000000000000000 
29.765625000000000 0.9301757812500000000000000000000000000000 -0.1074213981628417968750000000000000000000 -0.1035161018371582031250000000000000000000 
48.031250000000000 0.7504882812500000000000000000000000000000 -0.4160156250000000000000000000000000000000 -0.4121093750000000000000000000000000000000 
73.062500000000000 0.5708007812500000000000000000000000000000 -0.8105463981628417968750000000000000000000 -0.8066411018371582031250000000000000000000 
114.062500000000000 0.8911132812500000000000000000000000000000 -0.1699213981628417968750000000000000000000 -0.1660161018371582031250000000000000000000 
182.125000000000000 0.7114257812500000000000000000000000000000 -0.4941406250000000000000000000000000000000 -0.4902343750000000000000000000000000000000 
272.250000000000000 0.5317382812500000000000000000000000000000 -0.9179677963256835937500000000000000000000 -0.9101572036743164062500000000000000000000 
436.250000000000000 0.8520507812500000000000000000000000000000 -0.2382812500000000000000000000000000000000 -0.2304687500000000000000000000000000000000 
688.500000000000000 0.6723632812500000000000000000000000000000 -0.5742177963256835937500000000000000000000 -0.5664072036743164062500000000000000000000 
1016.500000000000000 0.9926757812500000000000000000000000000000 -0.0117177963256835937500000000000000000000 -0.0039072036743164062500000000000000000000 
1665.000000000000000 0.8129882812500000000000000000000000000000 -0.3007812500000000000000000000000000000000 -0.2929687500000000000000000000000000000000 
2594.000000000000000 0.6333007812500000000000000000000000000000 -0.6601562500000000000000000000000000000000 -0.6523437500000000000000000000000000000000 
3906.000000000000000 0.9536132812500000000000000000000000000000 -0.0742177963256835937500000000000000000000 -0.0664072036743164062500000000000000000000 
6340.000000000000000 0.7739257812500000000000000000000000000000 -0.3710927963256835937500000000000000000000 -0.3632822036743164062500000000000000000000 
9736.000000000000000 0.5942382812500000000000000000000000000000 -0.7539062500000000000000000000000000000000 -0.7460937500000000000000000000000000000000 
0.000003516674042 0.9218750000000000000000000000000000000000 -0.1328125000000000000000000000000000000000 -0.1171875000000000000000000000000000000000 
0.007888793945312 0.5048828125000000000000000000000000000000 -0.9863281250000000000000000000000000000000 -0.9824218750000000000000000000000000000000 
0.122619628906250 0.9809570312500000000000000000000000000000 -0.0283203125000000000000000000000000000000 -0.0263671875000000000000000000000000000000 
0.432128906250000 0.8642578125000000000000000000000000000000 -0.2114257812500000000000000000000000000000 -0.2104492187500000000000000000000000000000 
0.690429687500000 0.6904296875000000000000000000000000000000 -0.5349120497703552246093750000000000000000 -0.5344238877296447753906250000000000000000 
0.946777343750000 0.9467773437500000000000000000000000000000 -0.0789489671587944030761718750000000000000 -0.0788879469037055969238281250000000000000 
1.264648437500000 0.6323242187500000000000000000000000000000 -0.6614989936351776123046875000000000000000 -0.6612549126148223876953125000000000000000 
2.054687500000000 0.5136718750000000000000000000000000000000 -0.9614257812500000000000000000000000000000 -0.9604492187500000000000000000000000000000 
7.019531250000000 0.8774414062500000000000000000000000000000 -0.1904294490814208984375000000000000000000 -0.1884768009185791015625000000000000000000 
65.687500000000000 0.5131835937500000000000000000000000000000 -0.9628906250000000000000000000000000000000 -0.9589843750000000000000000000000000000000 
0.000001370906830 0.7187500000000000000000000000000000000000 -0.4765625000000000000000000000000000000000 -0.4609375000000000000000000000000000000000 
0.007804870605469 0.9990234375000000000000000000000000000000 -0.0019531250000000000000000000000000000000 0.0019531250000000000000000000000000000000 
0.123107910156250 0.9848632812500000000000000000000000000000 -0.0224606990814208984375000000000000000000 -0.0205080509185791015625000000000000000000 
0.490966796875000 0.9819335937500000000000000000000000000000 -0.0268553495407104492187500000000000000000 -0.0258790254592895507812500000000000000000 
0.772949218750000 0.7729492187500000000000000000000000000000 -0.3717041015625000000000000000000000000000 -0.3714599609375000000000000000000000000000 
0.954101562500000 0.9541015625000000000000000000000000000000 -0.0678405687212944030761718750000000000000 -0.0677795484662055969238281250000000000000 
1.208984375000000 0.6044921875000000000000000000000000000000 -0.7264403998851776123046875000000000000000 -0.7261963188648223876953125000000000000000 
1.980468750000000 0.9902343750000000000000000000000000000000 -0.0144042372703552246093750000000000000000 -0.0139160752296447753906250000000000000000 
7.039062500000000 0.8798828125000000000000000000000000000000 -0.1865231990814208984375000000000000000000 -0.1845705509185791015625000000000000000000 
63.781250000000000 0.9965820312500000000000000000000000000000 -0.0058588981628417968750000000000000000000 -0.0019536018371582031250000000000000000000 
0.000008642673492 0.5664062500000000000000000000000000000000 -0.8203125000000000000000000000000000000000 -0.8046875000000000000000000000000000000000 
0.015312194824219 0.9799804687500000000000000000000000000000 -0.0292963981628417968750000000000000000000 -0.0253911018371582031250000000000000000000 
0.206420898437500 0.8256835937500000000000000000000000000000 -0.2763669490814208984375000000000000000000 -0.2744143009185791015625000000000000000000 
0.517578125000000 0.5175781250000000000000000000000000000000 -0.9504394531250000000000000000000000000000 -0.9499511718750000000000000000000000000000 
0.796386718750000 0.7963867187500000000000000000000000000000 -0.3284911811351776123046875000000000000000 -0.3282471001148223876953125000000000000000 
0.983886718750000 0.9838867187500000000000000000000000000000 -0.0234451293945312500000000000000000000000 -0.0234298706054687500000000000000000000000 
1.105468750000000 0.5527343750000000000000000000000000000000 -0.8554076999425888061523437500000000000000 -0.8552856594324111938476562500000000000000 
1.611328125000000 0.8056640625000000000000000000000000000000 -0.3117675781250000000000000000000000000000 -0.3112792968750000000000000000000000000000 
3.960937500000000 0.9902343750000000000000000000000000000000 -0.0141601562500000000000000000000000000000 -0.0131835937500000000000000000000000000000 
33.375000000000000 0.5214843750000000000000000000000000000000 -0.9394531250000000000000000000000000000000 -0.9355468750000000000000000000000000000000 
0.000019311904907 0.6328125000000000000000000000000000000000 -0.6601562500000000000000000000000000000000 -0.6523437500000000000000000000000000000000 
0.063049316406250 0.5043945312500000000000000000000000000000 -0.9892578125000000000000000000000000000000 -0.9873046875000000000000000000000000000000 
0.321044921875000 0.6420898437500000000000000000000000000000 -0.6391601562500000000000000000000000000000 -0.6381835937500000000000000000000000000000 
0.707519531250000 0.7075195312500000000000000000000000000000 -0.4993896186351776123046875000000000000000 -0.4991455376148223876953125000000000000000 
0.999511718750000 0.9995117187500000000000000000000000000000 -0.0007050037384033203125000000000000000000 -0.0007045269012451171875000000000000000000 
1.040039062500000 0.5200195312500000000000000000000000000000 -0.9433746337890625000000000000000000000000 -0.9433441162109375000000000000000000000000 
1.124023437500000 0.5620117187500000000000000000000000000000 -0.8313598632812500000000000000000000000000 -0.8312377929687500000000000000000000000000 
1.180664062500000 0.5903320312500000000000000000000000000000 -0.7604369968175888061523437500000000000000 -0.7603149563074111938476562500000000000000 
2.001953125000000 0.5004882812500000000000000000000000000000 -0.9995115995407104492187500000000000000000 -0.9985352754592895507812500000000000000000 
9.468750000000000 0.5917968750000000000000000000000000000000 -0.7568356990814208984375000000000000000000 -0.7548830509185791015625000000000000000000 
0.000046432018280 0.7607421875000000000000000000000000000000 -0.3945312500000000000000000000000000000000 -0.3867187500000000000000000000000000000000 
0.020126342773438 0.6440429687500000000000000000000000000000 -0.6386713981628417968750000000000000000000 -0.6347661018371582031250000000000000000000 
0.393066406250000 0.7861328125000000000000000000000000000000 -0.3471678495407104492187500000000000000000 -0.3461915254592895507812500000000000000000 
0.808593750000000 0.8085937500000000000000000000000000000000 -0.3065185248851776123046875000000000000000 -0.3062744438648223876953125000000000000000 
1.001953125000000 0.5009765625000000000000000000000000000000 -0.9971857070922851562500000000000000000000 -0.9971837997436523437500000000000000000000 
1.025390625000000 0.5126953125000000000000000000000000000000 -0.9638519249856472015380859375000000000000 -0.9638214148581027984619140625000000000000 
1.086914062500000 0.5434570312500000000000000000000000000000 -0.8797912597656250000000000000000000000000 -0.8797302246093750000000000000000000000000 
1.185546875000000 0.5927734375000000000000000000000000000000 -0.7544555664062500000000000000000000000000 -0.7543334960937500000000000000000000000000 
2.015625000000000 0.5039062500000000000000000000000000000000 -0.9897459745407104492187500000000000000000 -0.9887696504592895507812500000000000000000 
20.609375000000000 0.6440429687500000000000000000000000000000 -0.6386713981628417968750000000000000000000 -0.6347661018371582031250000000000000000000 
0.000076830387115 0.6293945312500000000000000000000000000000 -0.6679677963256835937500000000000000000000 -0.6601572036743164062500000000000000000000 
0.045715332031250 0.7314453125000000000000000000000000000000 -0.4550781250000000000000000000000000000000 -0.4511718750000000000000000000000000000000 
0.395996093750000 0.7919921875000000000000000000000000000000 -0.3374022245407104492187500000000000000000 -0.3364259004592895507812500000000000000000 
0.759765625000000 0.7597656250000000000000000000000000000000 -0.3966064453125000000000000000000000000000 -0.3963623046875000000000000000000000000000 
0.896484375000000 0.8964843750000000000000000000000000000000 -0.1576537936925888061523437500000000000000 -0.1575317531824111938476562500000000000000 
0.981933593750000 0.9819335937500000000000000000000000000000 -0.0263137817382812500000000000000000000000 -0.0262985229492187500000000000000000000000 
1.000976562500000 0.5004882812500000000000000000000000000000 -0.9985918997554108500480651855468750000000 -0.9985909463139250874519348144531250000000 
1.136718750000000 0.5683593750000000000000000000000000000000 -0.8152465820312500000000000000000000000000 -0.8151245117187500000000000000000000000000 
2.267578125000000 0.5668945312500000000000000000000000000000 -0.8198240995407104492187500000000000000000 -0.8188477754592895507812500000000000000000 
16.640625000000000 0.5200195312500000000000000000000000000000 -0.9472656250000000000000000000000000000000 -0.9433593750000000000000000000000000000000 
0.097900390625000 0.7832031250000000000000000000000000000000 -0.3544919490814208984375000000000000000000 -0.3525393009185791015625000000000000000000 
0.605468750000000 0.6054687500000000000000000000000000000000 -0.7238769531250000000000000000000000000000 -0.7233886718750000000000000000000000000000 
0.724609375000000 0.7246093750000000000000000000000000000000 -0.4649658203125000000000000000000000000000 -0.4647216796875000000000000000000000000000 
0.805175781250000 0.8051757812500000000000000000000000000000 -0.3128661811351776123046875000000000000000 -0.3126221001148223876953125000000000000000 
0.899902343750000 0.8999023437500000000000000000000000000000 -0.1521606445312500000000000000000000000000 -0.1520385742187500000000000000000000000000 
0.967773437500000 0.9677734375000000000000000000000000000000 -0.0472869835793972015380859375000000000000 -0.0472564734518527984619140625000000000000 
0.986328125000000 0.9863281250000000000000000000000000000000 -0.0198745727539062500000000000000000000000 -0.0198593139648437500000000000000000000000 
0.995605468750000 0.9956054687500000000000000000000000000000 -0.0063571929931640625000000000000000000000 -0.0063533782958984375000000000000000000000 
1.163085937500000 0.5815429687500000000000000000000000000000 -0.7820434570312500000000000000000000000000 -0.7819213867187500000000000000000000000000 
1.816406250000000 0.9082031250000000000000000000000000000000 -0.1389160156250000000000000000000000000000 -0.1384277343750000000000000000000000000000 
0.330078125000000 0.6601562500000000000000000000000000000000 -0.5991209745407104492187500000000000000000 -0.5981446504592895507812500000000000000000 
0.643066406250000 0.6430664062500000000000000000000000000000 -0.6369628906250000000000000000000000000000 -0.6364746093750000000000000000000000000000 
0.718750000000000 0.7187500000000000000000000000000000000000 -0.4764403998851776123046875000000000000000 -0.4761963188648223876953125000000000000000 
0.836425781250000 0.8364257812500000000000000000000000000000 -0.2579345703125000000000000000000000000000 -0.2576904296875000000000000000000000000000 
0.930664062500000 0.9306640625000000000000000000000000000000 -0.1036682128906250000000000000000000000000 -0.1036071777343750000000000000000000000000 
0.988281250000000 0.9882812500000000000000000000000000000000 -0.0170211773365736007690429687500000000000 -0.0170059222728013992309570312500000000000 
1.000000000000000 0.5000000000000000000000000000000000000000 -1.0000000298023223876953125000000000000000 -0.9999999701976776123046875000000000000000 
1.017578125000000 0.5087890625000000000000000000000000000000 -0.9748611450195312500000000000000000000000 -0.9748458862304687500000000000000000000000 
1.060546875000000 0.5302734375000000000000000000000000000000 -0.9151916503906250000000000000000000000000 -0.9151306152343750000000000000000000000000 
1.352539062500000 0.6762695312500000000000000000000000000000 -0.5643310248851776123046875000000000000000 -0.5640869438648223876953125000000000000000 
0.377929687500000 0.7558593750000000000000000000000000000000 -0.4047851562500000000000000000000000000000 -0.4038085937500000000000000000000000000000 
0.718261718750000 0.7182617187500000000000000000000000000000 -0.4776611328125000000000000000000000000000 -0.4774169921875000000000000000000000000000 
0.884277343750000 0.8842773437500000000000000000000000000000 -0.1774291843175888061523437500000000000000 -0.1773071438074111938476562500000000000000 
0.974121093750000 0.9741210937500000000000000000000000000000 -0.0378570556640625000000000000000000000000 -0.0378265380859375000000000000000000000000 
0.990722656250000 0.9907226562500000000000000000000000000000 -0.0134544363245368003845214843750000000000 -0.0134468087926506996154785156250000000000 
1.581054687500000 0.7905273437500000000000000000000000000000 -0.3395995497703552246093750000000000000000 -0.3391113877296447753906250000000000000000 
3.023437500000000 0.7558593750000000000000000000000000000000 -0.4047851562500000000000000000000000000000 -0.4038085937500000000000000000000000000000 
0.937500000000000 0.9375000000000000000000000000000000000000 -0.0931701660156250000000000000000000000000 -0.0931091308593750000000000000000000000000 
