0.000000059604645 -24.000000000000000 -24.0078125000000000000000000000000000000000 -23.9921875000000000000000000000000000000000 
0.000011980533600 -16.343750000000000 -16.3515625000000000000000000000000000000000 -16.3359375000000000000000000000000000000000 
0.000023901462555 -15.351562500000000 -15.3554677963256835937500000000000000000000 -15.3476572036743164062500000000000000000000 
0.000035822391510 -14.765625000000000 -14.7695312500000000000000000000000000000000 -14.7617187500000000000000000000000000000000 
0.000047743320465 -14.351562500000000 -14.3554677963256835937500000000000000000000 -14.3476572036743164062500000000000000000000 
0.000059664249420 -14.031250000000000 -14.0351562500000000000000000000000000000000 -14.0273437500000000000000000000000000000000 
0.000071585178375 -13.773437500000000 -13.7773427963256835937500000000000000000000 -13.7695322036743164062500000000000000000000 
0.000083506107330 -13.546875000000000 -13.5507812500000000000000000000000000000000 -13.5429687500000000000000000000000000000000 
0.000095427036285 -13.351562500000000 -13.3554677963256835937500000000000000000000 -13.3476572036743164062500000000000000000000 
0.000107347965240 -13.187500000000000 -13.1914062500000000000000000000000000000000 -13.1835937500000000000000000000000000000000 
0.000119268894196 -13.031250000000000 -13.0351562500000000000000000000000000000000 -13.0273437500000000000000000000000000000000 
0.000140309333801 -12.796875000000000 -12.8007812500000000000000000000000000000000 -12.7929687500000000000000000000000000000000 
0.000164151191711 -12.570312500000000 -12.5742177963256835937500000000000000000000 -12.5664072036743164062500000000000000000000 
0.000187993049622 -12.375000000000000 -12.3789062500000000000000000000000000000000 -12.3710937500000000000000000000000000000000 
0.000211834907532 -12.203125000000000 -12.2070312500000000000000000000000000000000 -12.1992187500000000000000000000000000000000 
0.000235676765442 -12.054687500000000 -12.0585927963256835937500000000000000000000 -12.0507822036743164062500000000000000000000 
0.000274896621704 -11.828125000000000 -11.8320312500000000000000000000000000000000 -11.8242187500000000000000000000000000000000 
0.000322580337524 -11.601562500000000 -11.6054677963256835937500000000000000000000 -11.5976572036743164062500000000000000000000 
0.000370264053345 -11.398437500000000 -11.4023427963256835937500000000000000000000 -11.3945322036743164062500000000000000000000 
0.000417947769165 -11.226562500000000 -11.2304677963256835937500000000000000000000 -11.2226572036743164062500000000000000000000 
0.000465631484985 -11.070312500000000 -11.0742177963256835937500000000000000000000 -11.0664072036743164062500000000000000000000 
0.000538349151611 -10.859375000000000 -10.8632812500000000000000000000000000000000 -10.8554687500000000000000000000000000000000 
0.000633716583252 -10.625000000000000 -10.6289062500000000000000000000000000000000 -10.6210937500000000000000000000000000000000 
0.000729084014893 -10.421875000000000 -10.4257812500000000000000000000000000000000 -10.4179687500000000000000000000000000000000 
0.000824451446533 -10.242187500000000 -10.2460927963256835937500000000000000000000 -10.2382822036743164062500000000000000000000 
0.000919818878174 -10.085937500000000 -10.0898427963256835937500000000000000000000 -10.0820322036743164062500000000000000000000 
0.001053810119629 -9.890625000000000 -9.8945312500000000000000000000000000000000 -9.8867187500000000000000000000000000000000 
0.001244544982910 -9.648437500000000 -9.6523427963256835937500000000000000000000 -9.6445322036743164062500000000000000000000 
0.001435279846191 -9.445312500000000 -9.4492177963256835937500000000000000000000 -9.4414072036743164062500000000000000000000 
0.001626014709473 -9.265625000000000 -9.2695312500000000000000000000000000000000 -9.2617187500000000000000000000000000000000 
0.001816749572754 -9.101562500000000 -9.1054677963256835937500000000000000000000 -9.0976572036743164062500000000000000000000 
0.002061843872070 -8.921875000000000 -8.9257812500000000000000000000000000000000 -8.9179687500000000000000000000000000000000 
0.002443313598633 -8.679687500000000 -8.6835927963256835937500000000000000000000 -8.6757822036743164062500000000000000000000 
0.002824783325195 -8.468750000000000 -8.4726562500000000000000000000000000000000 -8.4648437500000000000000000000000000000000 
0.003206253051758 -8.281250000000000 -8.2851562500000000000000000000000000000000 -8.2773437500000000000000000000000000000000 
0.003587722778320 -8.125000000000000 -8.1289062500000000000000000000000000000000 -8.1210937500000000000000000000000000000000 
0.004032135009766 -7.953125000000000 -7.9550781250000000000000000000000000000000 -7.9511718750000000000000000000000000000000 
0.004795074462891 -7.703125000000000 -7.7050781250000000000000000000000000000000 -7.7011718750000000000000000000000000000000 
0.005558013916016 -7.492187500000000 -7.4941406250000000000000000000000000000000 -7.4902343750000000000000000000000000000000 
0.006320953369141 -7.304687500000000 -7.3066406250000000000000000000000000000000 -7.3027343750000000000000000000000000000000 
0.007083892822266 -7.140625000000000 -7.1425781250000000000000000000000000000000 -7.1386718750000000000000000000000000000000 
0.007881164550781 -6.988281250000000 -6.9902338981628417968750000000000000000000 -6.9863286018371582031250000000000000000000 
0.009407043457031 -6.730468750000000 -6.7324213981628417968750000000000000000000 -6.7285161018371582031250000000000000000000 
0.010932922363281 -6.515625000000000 -6.5175781250000000000000000000000000000000 -6.5136718750000000000000000000000000000000 
0.012458801269531 -6.328125000000000 -6.3300781250000000000000000000000000000000 -6.3261718750000000000000000000000000000000 
0.013984680175781 -6.160156250000000 -6.1621088981628417968750000000000000000000 -6.1582036018371582031250000000000000000000 
0.015510559082031 -6.011718750000000 -6.0136713981628417968750000000000000000000 -6.0097661018371582031250000000000000000000 
0.018447875976562 -5.761718750000000 -5.7636713981628417968750000000000000000000 -5.7597661018371582031250000000000000000000 
0.021499633789062 -5.539062500000000 -5.5410156250000000000000000000000000000000 -5.5371093750000000000000000000000000000000 
0.024551391601562 -5.347656250000000 -5.3496088981628417968750000000000000000000 -5.3457036018371582031250000000000000000000 
0.027603149414062 -5.179687500000000 -5.1816406250000000000000000000000000000000 -5.1777343750000000000000000000000000000000 
0.030654907226562 -5.027343750000000 -5.0292963981628417968750000000000000000000 -5.0253911018371582031250000000000000000000 
0.036163330078125 -4.789062500000000 -4.7910156250000000000000000000000000000000 -4.7871093750000000000000000000000000000000 
0.042266845703125 -4.562500000000000 -4.5644531250000000000000000000000000000000 -4.5605468750000000000000000000000000000000 
0.048370361328125 -4.371093750000000 -4.3730463981628417968750000000000000000000 -4.3691411018371582031250000000000000000000 
0.054473876953125 -4.199218750000000 -4.2011713981628417968750000000000000000000 -4.1972661018371582031250000000000000000000 
0.060577392578125 -4.046875000000000 -4.0488281250000000000000000000000000000000 -4.0449218750000000000000000000000000000000 
0.070861816406250 -3.818359375000000 -3.8193356990814208984375000000000000000000 -3.8173830509185791015625000000000000000000 
0.083068847656250 -3.589843750000000 -3.5908203125000000000000000000000000000000 -3.5888671875000000000000000000000000000000 
0.095275878906250 -3.392578125000000 -3.3935544490814208984375000000000000000000 -3.3916018009185791015625000000000000000000 
0.107482910156250 -3.218750000000000 -3.2197265625000000000000000000000000000000 -3.2177734375000000000000000000000000000000 
0.119689941406250 -3.062500000000000 -3.0634765625000000000000000000000000000000 -3.0615234375000000000000000000000000000000 
0.138793945312500 -2.849609375000000 -2.8505856990814208984375000000000000000000 -2.8486330509185791015625000000000000000000 
0.163208007812500 -2.615234375000000 -2.6162106990814208984375000000000000000000 -2.6142580509185791015625000000000000000000 
0.187622070312500 -2.414062500000000 -2.4150390625000000000000000000000000000000 -2.4130859375000000000000000000000000000000 
0.212036132812500 -2.238281250000000 -2.2392578125000000000000000000000000000000 -2.2373046875000000000000000000000000000000 
0.236450195312500 -2.080078125000000 -2.0810544490814208984375000000000000000000 -2.0791018009185791015625000000000000000000 
0.271728515625000 -1.879882812500000 -1.8803709745407104492187500000000000000000 -1.8793946504592895507812500000000000000000 
0.320556640625000 -1.641601562500000 -1.6420897245407104492187500000000000000000 -1.6411134004592895507812500000000000000000 
0.369384765625000 -1.436523437500000 -1.4370115995407104492187500000000000000000 -1.4360352754592895507812500000000000000000 
0.418212890625000 -1.257812500000000 -1.2583007812500000000000000000000000000000 -1.2573242187500000000000000000000000000000 
0.467041015625000 -1.098632812500000 -1.0991209745407104492187500000000000000000 -1.0981446504592895507812500000000000000000 
0.531738281250000 -0.911132812500000 -0.9113769531250000000000000000000000000000 -0.9108886718750000000000000000000000000000 
0.629394531250000 -0.667968750000000 -0.6682128906250000000000000000000000000000 -0.6677246093750000000000000000000000000000 
0.727050781250000 -0.459960937500000 -0.4600830078125000000000000000000000000000 -0.4598388671875000000000000000000000000000 
0.824707031250000 -0.278076171875000 -0.2781982123851776123046875000000000000000 -0.2779541313648223876953125000000000000000 
0.922363281250000 -0.116577148437500 -0.1166076660156250000000000000000000000000 -0.1165466308593750000000000000000000000000 
1.040039062500000 0.056640625000000 0.0566253662109375000000000000000000000000 0.0566558837890625000000000000000000000000 
1.235351562500000 0.304931640625000 0.3048096001148223876953125000000000000000 0.3050536811351776123046875000000000000000 
1.430664062500000 0.516601562500000 0.5163574218750000000000000000000000000000 0.5168457031250000000000000000000000000000 
1.625976562500000 0.701171875000000 0.7009277343750000000000000000000000000000 0.7014160156250000000000000000000000000000 
1.821289062500000 0.864746093750000 0.8645020127296447753906250000000000000000 0.8649901747703552246093750000000000000000 
2.033203125000000 1.023437500000000 1.0229492187500000000000000000000000000000 1.0239257812500000000000000000000000000000 
2.423828125000000 1.277343750000000 1.2768554687500000000000000000000000000000 1.2778320312500000000000000000000000000000 
2.814453125000000 1.493164062500000 1.4926759004592895507812500000000000000000 1.4936522245407104492187500000000000000000 
3.205078125000000 1.680664062500000 1.6801759004592895507812500000000000000000 1.6811522245407104492187500000000000000000 
3.595703125000000 1.846679687500000 1.8461915254592895507812500000000000000000 1.8471678495407104492187500000000000000000 
3.986328125000000 1.995117187500000 1.9946290254592895507812500000000000000000 1.9956053495407104492187500000000000000000 
4.753906250000000 2.250000000000000 2.2490234375000000000000000000000000000000 2.2509765625000000000000000000000000000000 
5.535156250000000 2.468750000000000 2.4677734375000000000000000000000000000000 2.4697265625000000000000000000000000000000 
6.316406250000000 2.658203125000000 2.6572268009185791015625000000000000000000 2.6591794490814208984375000000000000000000 
7.097656250000000 2.828125000000000 2.8271484375000000000000000000000000000000 2.8291015625000000000000000000000000000000 
7.878906250000000 2.978515625000000 2.9775393009185791015625000000000000000000 2.9794919490814208984375000000000000000000 
9.320312500000000 3.220703125000000 3.2197268009185791015625000000000000000000 3.2216794490814208984375000000000000000000 
10.882812500000000 3.443359375000000 3.4423830509185791015625000000000000000000 3.4443356990814208984375000000000000000000 
12.445312500000000 3.636718750000000 3.6357421875000000000000000000000000000000 3.6376953125000000000000000000000000000000 
14.007812500000000 3.808593750000000 3.8076171875000000000000000000000000000000 3.8095703125000000000000000000000000000000 
15.570312500000000 3.960937500000000 3.9599609375000000000000000000000000000000 3.9619140625000000000000000000000000000000 
18.265625000000000 4.191406250000000 4.1894536018371582031250000000000000000000 4.1933588981628417968750000000000000000000 
21.390625000000000 4.417968750000000 4.4160161018371582031250000000000000000000 4.4199213981628417968750000000000000000000 
24.515625000000000 4.617187500000000 4.6152343750000000000000000000000000000000 4.6191406250000000000000000000000000000000 
27.640625000000000 4.789062500000000 4.7871093750000000000000000000000000000000 4.7910156250000000000000000000000000000000 
30.765625000000000 4.941406250000000 4.9394536018371582031250000000000000000000 4.9433588981628417968750000000000000000000 
35.781250000000000 5.160156250000000 5.1582036018371582031250000000000000000000 5.1621088981628417968750000000000000000000 
42.031250000000000 5.394531250000000 5.3925786018371582031250000000000000000000 5.3964838981628417968750000000000000000000 
48.281250000000000 5.593750000000000 5.5917968750000000000000000000000000000000 5.5957031250000000000000000000000000000000 
54.531250000000000 5.769531250000000 5.7675786018371582031250000000000000000000 5.7714838981628417968750000000000000000000 
60.781250000000000 5.925781250000000 5.9238286018371582031250000000000000000000 5.9277338981628417968750000000000000000000 
70.062500000000000 6.128906250000000 6.1269536018371582031250000000000000000000 6.1308588981628417968750000000000000000000 
82.562500000000000 6.367187500000000 6.3652343750000000000000000000000000000000 6.3691406250000000000000000000000000000000 
95.062500000000000 6.570312500000000 6.5683593750000000000000000000000000000000 6.5722656250000000000000000000000000000000 
107.562500000000000 6.750000000000000 6.7480468750000000000000000000000000000000 6.7519531250000000000000000000000000000000 
120.062500000000000 6.906250000000000 6.9042968750000000000000000000000000000000 6.9082031250000000000000000000000000000000 
137.125000000000000 7.097656250000000 7.0957036018371582031250000000000000000000 7.0996088981628417968750000000000000000000 
162.125000000000000 7.339843750000000 7.3378911018371582031250000000000000000000 7.3417963981628417968750000000000000000000 
187.125000000000000 7.546875000000000 7.5449218750000000000000000000000000000000 7.5488281250000000000000000000000000000000 
212.125000000000000 7.730468750000000 7.7285161018371582031250000000000000000000 7.7324213981628417968750000000000000000000 
237.125000000000000 7.890625000000000 7.8886718750000000000000000000000000000000 7.8925781250000000000000000000000000000000 
268.250000000000000 8.070312500000000 8.0664072036743164062500000000000000000000 8.0742177963256835937500000000000000000000 
318.250000000000000 8.312500000000000 8.3085937500000000000000000000000000000000 8.3164062500000000000000000000000000000000 
368.250000000000000 8.523437500000000 8.5195322036743164062500000000000000000000 8.5273427963256835937500000000000000000000 
418.250000000000000 8.710937500000000 8.7070322036743164062500000000000000000000 8.7148427963256835937500000000000000000000 
468.250000000000000 8.875000000000000 8.8710937500000000000000000000000000000000 8.8789062500000000000000000000000000000000 
524.500000000000000 9.031250000000000 9.0273437500000000000000000000000000000000 9.0351562500000000000000000000000000000000 
624.500000000000000 9.289062500000000 9.2851572036743164062500000000000000000000 9.2929677963256835937500000000000000000000 
724.500000000000000 9.500000000000000 9.4960937500000000000000000000000000000000 9.5039062500000000000000000000000000000000 
824.500000000000000 9.687500000000000 9.6835937500000000000000000000000000000000 9.6914062500000000000000000000000000000000 
924.500000000000000 9.851562500000000 9.8476572036743164062500000000000000000000 9.8554677963256835937500000000000000000000 
1025.000000000000000 10.000000000000000 9.9960937500000000000000000000000000000000 10.0039062500000000000000000000000000000000 
1225.000000000000000 10.257812500000000 10.2539072036743164062500000000000000000000 10.2617177963256835937500000000000000000000 
1425.000000000000000 10.476562500000000 10.4726572036743164062500000000000000000000 10.4804677963256835937500000000000000000000 
1625.000000000000000 10.664062500000000 10.6601572036743164062500000000000000000000 10.6679677963256835937500000000000000000000 
1825.000000000000000 10.835937500000000 10.8320322036743164062500000000000000000000 10.8398427963256835937500000000000000000000 
2025.000000000000000 10.984375000000000 10.9804687500000000000000000000000000000000 10.9882812500000000000000000000000000000000 
2402.000000000000000 11.226562500000000 11.2226572036743164062500000000000000000000 11.2304677963256835937500000000000000000000 
2802.000000000000000 11.453125000000000 11.4492187500000000000000000000000000000000 11.4570312500000000000000000000000000000000 
3202.000000000000000 11.648437500000000 11.6445322036743164062500000000000000000000 11.6523427963256835937500000000000000000000 
3602.000000000000000 11.812500000000000 11.8085937500000000000000000000000000000000 11.8164062500000000000000000000000000000000 
4002.000000000000000 11.968750000000000 11.9648437500000000000000000000000000000000 11.9726562500000000000000000000000000000000 
4708.000000000000000 12.203125000000000 12.1992187500000000000000000000000000000000 12.2070312500000000000000000000000000000000 
5508.000000000000000 12.429687500000000 12.4257822036743164062500000000000000000000 12.4335927963256835937500000000000000000000 
6308.000000000000000 12.625000000000000 12.6210937500000000000000000000000000000000 12.6289062500000000000000000000000000000000 
7108.000000000000000 12.796875000000000 12.7929687500000000000000000000000000000000 12.8007812500000000000000000000000000000000 
7908.000000000000000 12.945312500000000 12.9414072036743164062500000000000000000000 12.9492177963256835937500000000000000000000 
9224.000000000000000 13.171875000000000 13.1679687500000000000000000000000000000000 13.1757812500000000000000000000000000000000 
0.000021755695343 -15.484375000000000 -15.4882812500000000000000000000000000000000 -15.4804687500000000000000000000000000000000 
0.007740020751953 -7.011718750000000 -7.0136713981628417968750000000000000000000 -7.0097661018371582031250000000000000000000 
0.182006835937500 -2.457031250000000 -2.4580078125000000000000000000000000000000 -2.4560546875000000000000000000000000000000 
0.610351562500000 -0.712402343750000 -0.7126464247703552246093750000000000000000 -0.7121582627296447753906250000000000000000 
0.816894531250000 -0.291748046875000 -0.2918700873851776123046875000000000000000 -0.2916260063648223876953125000000000000000 
0.965820312500000 -0.050170898437500 -0.0501861572265625000000000000000000000000 -0.0501556396484375000000000000000000000000 
1.201171875000000 0.264404296875000 0.2642822563648223876953125000000000000000 0.2645263373851776123046875000000000000000 
1.685546875000000 0.753417968750000 0.7531738877296447753906250000000000000000 0.7536620497703552246093750000000000000000 
4.714843750000000 2.236328125000000 2.2353518009185791015625000000000000000000 2.2373044490814208984375000000000000000000 
75.187500000000000 6.230468750000000 6.2285161018371582031250000000000000000000 6.2324213981628417968750000000000000000000 
0.000005424022675 -17.500000000000000 -17.5078125000000000000000000000000000000000 -17.4921875000000000000000000000000000000000 
0.026672363281250 -5.226562500000000 -5.2285156250000000000000000000000000000000 -5.2246093750000000000000000000000000000000 
0.393066406250000 -1.346679687500000 -1.3471678495407104492187500000000000000000 -1.3461915254592895507812500000000000000000 
0.740722656250000 -0.433105468750000 -0.4332275390625000000000000000000000000000 -0.4329833984375000000000000000000000000000 
0.938476562500000 -0.091613769531250 -0.0916442796587944030761718750000000000000 -0.0915832594037055969238281250000000000000 
0.999511718750000 -0.000704765319824 -0.0007050037384033203125000000000000000000 -0.0007045269012451171875000000000000000000 
1.088867187500000 0.122802734375000 0.1227722167968750000000000000000000000000 0.1228332519531250000000000000000000000000 
1.308593750000000 0.387939453125000 0.3878174126148223876953125000000000000000 0.3880614936351776123046875000000000000000 
2.240234375000000 1.164062500000000 1.1635742187500000000000000000000000000000 1.1645507812500000000000000000000000000000 
18.000000000000000 4.171875000000000 4.1699218750000000000000000000000000000000 4.1738281250000000000000000000000000000000 
0.000046432018280 -14.390625000000000 -14.3945312500000000000000000000000000000000 -14.3867187500000000000000000000000000000000 
0.112243652343750 -3.156250000000000 -3.1572265625000000000000000000000000000000 -3.1552734375000000000000000000000000000000 
0.502441406250000 -0.993164062500000 -0.9934082031250000000000000000000000000000 -0.9929199218750000000000000000000000000000 
0.830078125000000 -0.268798828125000 -0.2689208686351776123046875000000000000000 -0.2686767876148223876953125000000000000000 
0.911621093750000 -0.133544921875000 -0.1336059570312500000000000000000000000000 -0.1334838867187500000000000000000000000000 
0.950195312500000 -0.073730468750000 -0.0737609863281250000000000000000000000000 -0.0736999511718750000000000000000000000000 
1.005859375000000 0.008430480957031 0.0084266671910881996154785156250000000000 0.0084342947229743003845214843750000000000 
1.035156250000000 0.049835205078125 0.0498199500143527984619140625000000000000 0.0498504601418972015380859375000000000000 
1.897460937500000 0.923828125000000 0.9235839843750000000000000000000000000000 0.9240722656250000000000000000000000000000 
13.851562500000000 3.791015625000000 3.7900393009185791015625000000000000000000 3.7919919490814208984375000000000000000000 
0.000019311904907 -15.656250000000000 -15.6601562500000000000000000000000000000000 -15.6523437500000000000000000000000000000000 
0.022857666015625 -5.453125000000000 -5.4550781250000000000000000000000000000000 -5.4511718750000000000000000000000000000000 
0.639160156250000 -0.645507812500000 -0.6457519531250000000000000000000000000000 -0.6452636718750000000000000000000000000000 
0.864746093750000 -0.209594726562500 -0.2096557468175888061523437500000000000000 -0.2095337063074111938476562500000000000000 
0.934570312500000 -0.097595214843750 -0.0976257249712944030761718750000000000000 -0.0975647047162055969238281250000000000000 
0.981445312500000 -0.027023315429688 -0.0270309429615736007690429687500000000000 -0.0270156878978013992309570312500000000000 
0.992675781250000 -0.010604858398438 -0.0106086730957031250000000000000000000000 -0.0106010437011718750000000000000000000000 
1.163085937500000 0.218017578125000 0.2179565429687500000000000000000000000000 0.2180786132812500000000000000000000000000 
1.637695312500000 0.711425781250000 0.7111817002296447753906250000000000000000 0.7116698622703552246093750000000000000000 
10.242187500000000 3.357421875000000 3.3564455509185791015625000000000000000000 3.3583981990814208984375000000000000000000 
0.097900390625000 -3.353515625000000 -3.3544919490814208984375000000000000000000 -3.3525393009185791015625000000000000000000 
0.718261718750000 -0.477539062500000 -0.4776611328125000000000000000000000000000 -0.4774169921875000000000000000000000000000 
0.852539062500000 -0.230102539062500 -0.2301635593175888061523437500000000000000 -0.2300415188074111938476562500000000000000 
0.899902343750000 -0.152099609375000 -0.1521606445312500000000000000000000000000 -0.1520385742187500000000000000000000000000 
0.977050781250000 -0.033508300781250 -0.0335235595703125000000000000000000000000 -0.0334930419921875000000000000000000000000 
0.988281250000000 -0.017013549804688 -0.0170211773365736007690429687500000000000 -0.0170059222728013992309570312500000000000 
1.000000000000000 0.000000000000000 -0.0000000298023223876953125000000000000000 0.0000000298023223876953125000000000000000 
1.009765625000000 0.014022827148438 0.0140190124511718750000000000000000000000 0.0140266418457031250000000000000000000000 
1.526367187500000 0.609863281250000 0.6096192002296447753906250000000000000000 0.6101073622703552246093750000000000000000 
1.950195312500000 0.963378906250000 0.9631348252296447753906250000000000000000 0.9636229872703552246093750000000000000000 
0.330078125000000 -1.598632812500000 -1.5991209745407104492187500000000000000000 -1.5981446504592895507812500000000000000000 
0.805175781250000 -0.312744140625000 -0.3128661811351776123046875000000000000000 -0.3126221001148223876953125000000000000000 
0.863281250000000 -0.212158203125000 -0.2122192382812500000000000000000000000000 -0.2120971679687500000000000000000000000000 
0.930664062500000 -0.103637695312500 -0.1036682128906250000000000000000000000000 -0.1036071777343750000000000000000000000000 
0.974121093750000 -0.037841796875000 -0.0378570556640625000000000000000000000000 -0.0378265380859375000000000000000000000000 
1.000976562500000 0.001408576965332 0.0014081002445891499519348144531250000000 0.0014090536860749125480651855468750000000 
1.011718750000000 0.016815185546875 0.0168075561523437500000000000000000000000 0.0168228149414062500000000000000000000000 
1.037109375000000 0.052581787109375 0.0525665320456027984619140625000000000000 0.0525970421731472015380859375000000000000 
1.054687500000000 0.076843261718750 0.0768127515912055969238281250000000000000 0.0768737718462944030761718750000000000000 
1.352539062500000 0.435791015625000 0.4356689751148223876953125000000000000000 0.4359130561351776123046875000000000000000 
0.283447265625000 -1.819335937500000 -1.8198240995407104492187500000000000000000 -1.8188477754592895507812500000000000000000 
0.377929687500000 -1.404296875000000 -1.4047851562500000000000000000000000000000 -1.4038085937500000000000000000000000000000 
0.797851562500000 -0.325927734375000 -0.3260497748851776123046875000000000000000 -0.3258056938648223876953125000000000000000 
0.836425781250000 -0.257812500000000 -0.2579345703125000000000000000000000000000 -0.2576904296875000000000000000000000000000 
0.884277343750000 -0.177368164062500 -0.1774291843175888061523437500000000000000 -0.1773071438074111938476562500000000000000 
1.017578125000000 0.025146484375000 0.0251388549804687500000000000000000000000 0.0251541137695312500000000000000000000000 
1.060546875000000 0.084838867187500 0.0848083496093750000000000000000000000000 0.0848693847656250000000000000000000000000 
1.136718750000000 0.184814453125000 0.1847534179687500000000000000000000000000 0.1848754882812500000000000000000000000000 
1.581054687500000 0.660644531250000 0.6604004502296447753906250000000000000000 0.6608886122703552246093750000000000000000 
2.267578125000000 1.180664062500000 1.1801759004592895507812500000000000000000 1.1811522245407104492187500000000000000000 
0.937500000000000 -0.093139648437500 -0.0931701660156250000000000000000000000000 -0.0931091308593750000000000000000000000000 
