0.000000059604645 0.5000000000000000000000000000000000000000 -1.0078125000000000000000000000000000000000 -0.9921875000000000000000000000000000000000 
0.000006079673767 0.7968750000000000000000000000000000000000 -0.3359355926513671875000000000000000000000 -0.3203144073486328125000000000000000000000 
0.000012099742889 0.7929687500000000000000000000000000000000 -0.3359355926513671875000000000000000000000 -0.3203144073486328125000000000000000000000 
0.000018119812012 0.5937500000000000000000000000000000000000 -0.7539062500000000000000000000000000000000 -0.7460937500000000000000000000000000000000 
0.000024139881134 0.7910156250000000000000000000000000000000 -0.3398427963256835937500000000000000000000 -0.3320322036743164062500000000000000000000 
0.000030159950256 0.9882812500000000000000000000000000000000 -0.0195312500000000000000000000000000000000 -0.0117187500000000000000000000000000000000 
0.000036180019379 0.5927734375000000000000000000000000000000 -0.7617177963256835937500000000000000000000 -0.7539072036743164062500000000000000000000 
0.000042200088501 0.6914062500000000000000000000000000000000 -0.5351562500000000000000000000000000000000 -0.5273437500000000000000000000000000000000 
0.000048220157623 0.7900390625000000000000000000000000000000 -0.3476562500000000000000000000000000000000 -0.3398437500000000000000000000000000000000 
0.000054240226746 0.8886718750000000000000000000000000000000 -0.1757812500000000000000000000000000000000 -0.1679687500000000000000000000000000000000 
0.000060260295868 0.9873046875000000000000000000000000000000 -0.0195312500000000000000000000000000000000 -0.0117187500000000000000000000000000000000 
0.000066280364990 0.5429687500000000000000000000000000000000 -0.8867177963256835937500000000000000000000 -0.8789072036743164062500000000000000000000 
0.000072300434113 0.5922851562500000000000000000000000000000 -0.7617177963256835937500000000000000000000 -0.7539072036743164062500000000000000000000 
0.000078320503235 0.6416015625000000000000000000000000000000 -0.6445312500000000000000000000000000000000 -0.6367187500000000000000000000000000000000 
0.000084340572357 0.6909179687500000000000000000000000000000 -0.5351562500000000000000000000000000000000 -0.5273437500000000000000000000000000000000 
0.000090360641479 0.7402343750000000000000000000000000000000 -0.4414062500000000000000000000000000000000 -0.4335937500000000000000000000000000000000 
0.000096380710602 0.7895507812500000000000000000000000000000 -0.3476562500000000000000000000000000000000 -0.3398437500000000000000000000000000000000 
0.000102400779724 0.8388671875000000000000000000000000000000 -0.2539062500000000000000000000000000000000 -0.2460937500000000000000000000000000000000 
0.000108420848846 0.8881835937500000000000000000000000000000 -0.1757812500000000000000000000000000000000 -0.1679687500000000000000000000000000000000 
0.000114440917969 0.9375000000000000000000000000000000000000 -0.0976562500000000000000000000000000000000 -0.0898437500000000000000000000000000000000 
0.000120460987091 0.9868164062500000000000000000000000000000 -0.0195312500000000000000000000000000000000 -0.0117187500000000000000000000000000000000 
0.000130891799927 0.5361328125000000000000000000000000000000 -0.9023427963256835937500000000000000000000 -0.8945322036743164062500000000000000000000 
0.000142931938171 0.5854492187500000000000000000000000000000 -0.7773427963256835937500000000000000000000 -0.7695322036743164062500000000000000000000 
0.000154972076416 0.6347656250000000000000000000000000000000 -0.6601562500000000000000000000000000000000 -0.6523437500000000000000000000000000000000 
0.000167012214661 0.6840820312500000000000000000000000000000 -0.5507812500000000000000000000000000000000 -0.5429687500000000000000000000000000000000 
0.000179052352905 0.7333984375000000000000000000000000000000 -0.4492177963256835937500000000000000000000 -0.4414072036743164062500000000000000000000 
0.000191092491150 0.7827148437500000000000000000000000000000 -0.3554677963256835937500000000000000000000 -0.3476572036743164062500000000000000000000 
0.000203132629395 0.8320312500000000000000000000000000000000 -0.2695312500000000000000000000000000000000 -0.2617187500000000000000000000000000000000 
0.000215172767639 0.8813476562500000000000000000000000000000 -0.1835927963256835937500000000000000000000 -0.1757822036743164062500000000000000000000 
0.000227212905884 0.9306640625000000000000000000000000000000 -0.1054677963256835937500000000000000000000 -0.0976572036743164062500000000000000000000 
0.000239253044128 0.9799804687500000000000000000000000000000 -0.0351562500000000000000000000000000000000 -0.0273437500000000000000000000000000000000 
0.000258445739746 0.5292968750000000000000000000000000000000 -0.9179677963256835937500000000000000000000 -0.9101572036743164062500000000000000000000 
0.000282526016235 0.5786132812500000000000000000000000000000 -0.7929677963256835937500000000000000000000 -0.7851572036743164062500000000000000000000 
0.000306606292725 0.6279296875000000000000000000000000000000 -0.6757812500000000000000000000000000000000 -0.6679687500000000000000000000000000000000 
0.000330686569214 0.6772460937500000000000000000000000000000 -0.5664062500000000000000000000000000000000 -0.5585937500000000000000000000000000000000 
0.000354766845703 0.7265625000000000000000000000000000000000 -0.4648427963256835937500000000000000000000 -0.4570322036743164062500000000000000000000 
0.000378847122192 0.7758789062500000000000000000000000000000 -0.3710927963256835937500000000000000000000 -0.3632822036743164062500000000000000000000 
0.000402927398682 0.8251953125000000000000000000000000000000 -0.2773427963256835937500000000000000000000 -0.2695322036743164062500000000000000000000 
0.000427007675171 0.8745117187500000000000000000000000000000 -0.1992177963256835937500000000000000000000 -0.1914072036743164062500000000000000000000 
0.000451087951660 0.9238281250000000000000000000000000000000 -0.1210927963256835937500000000000000000000 -0.1132822036743164062500000000000000000000 
0.000475168228149 0.9731445312500000000000000000000000000000 -0.0429677963256835937500000000000000000000 -0.0351572036743164062500000000000000000000 
0.000510215759277 0.5224609375000000000000000000000000000000 -0.9414062500000000000000000000000000000000 -0.9335937500000000000000000000000000000000 
0.000558376312256 0.5717773437500000000000000000000000000000 -0.8085927963256835937500000000000000000000 -0.8007822036743164062500000000000000000000 
0.000606536865234 0.6210937500000000000000000000000000000000 -0.6914062500000000000000000000000000000000 -0.6835937500000000000000000000000000000000 
0.000654697418213 0.6704101562500000000000000000000000000000 -0.5820312500000000000000000000000000000000 -0.5742187500000000000000000000000000000000 
0.000702857971191 0.7197265625000000000000000000000000000000 -0.4804677963256835937500000000000000000000 -0.4726572036743164062500000000000000000000 
0.000751018524170 0.7690429687500000000000000000000000000000 -0.3789062500000000000000000000000000000000 -0.3710937500000000000000000000000000000000 
0.000799179077148 0.8183593750000000000000000000000000000000 -0.2929677963256835937500000000000000000000 -0.2851572036743164062500000000000000000000 
0.000847339630127 0.8676757812500000000000000000000000000000 -0.2070312500000000000000000000000000000000 -0.1992187500000000000000000000000000000000 
0.000895500183105 0.9169921875000000000000000000000000000000 -0.1289062500000000000000000000000000000000 -0.1210937500000000000000000000000000000000 
0.000943660736084 0.9663085937500000000000000000000000000000 -0.0507812500000000000000000000000000000000 -0.0429687500000000000000000000000000000000 
0.001007080078125 0.5156250000000000000000000000000000000000 -0.9570312500000000000000000000000000000000 -0.9492187500000000000000000000000000000000 
0.001103401184082 0.5649414062500000000000000000000000000000 -0.8242177963256835937500000000000000000000 -0.8164072036743164062500000000000000000000 
0.001199722290039 0.6142578125000000000000000000000000000000 -0.7070312500000000000000000000000000000000 -0.6992187500000000000000000000000000000000 
0.001296043395996 0.6635742187500000000000000000000000000000 -0.5976562500000000000000000000000000000000 -0.5898437500000000000000000000000000000000 
0.001392364501953 0.7128906250000000000000000000000000000000 -0.4882812500000000000000000000000000000000 -0.4804687500000000000000000000000000000000 
0.001488685607910 0.7622070312500000000000000000000000000000 -0.3945312500000000000000000000000000000000 -0.3867187500000000000000000000000000000000 
0.001585006713867 0.8115234375000000000000000000000000000000 -0.3085927963256835937500000000000000000000 -0.3007822036743164062500000000000000000000 
0.001681327819824 0.8608398437500000000000000000000000000000 -0.2226562500000000000000000000000000000000 -0.2148437500000000000000000000000000000000 
0.001777648925781 0.9101562500000000000000000000000000000000 -0.1367177963256835937500000000000000000000 -0.1289072036743164062500000000000000000000 
0.001873970031738 0.9594726562500000000000000000000000000000 -0.0664062500000000000000000000000000000000 -0.0585937500000000000000000000000000000000 
0.001987457275391 0.5087890625000000000000000000000000000000 -0.9804677963256835937500000000000000000000 -0.9726572036743164062500000000000000000000 
0.002180099487305 0.5581054687500000000000000000000000000000 -0.8476562500000000000000000000000000000000 -0.8398437500000000000000000000000000000000 
0.002372741699219 0.6074218750000000000000000000000000000000 -0.7226562500000000000000000000000000000000 -0.7148437500000000000000000000000000000000 
0.002565383911133 0.6567382812500000000000000000000000000000 -0.6132812500000000000000000000000000000000 -0.6054687500000000000000000000000000000000 
0.002758026123047 0.7060546875000000000000000000000000000000 -0.5039062500000000000000000000000000000000 -0.4960937500000000000000000000000000000000 
0.002950668334961 0.7553710937500000000000000000000000000000 -0.4101562500000000000000000000000000000000 -0.4023437500000000000000000000000000000000 
0.003143310546875 0.8046875000000000000000000000000000000000 -0.3164062500000000000000000000000000000000 -0.3085937500000000000000000000000000000000 
0.003335952758789 0.8540039062500000000000000000000000000000 -0.2304677963256835937500000000000000000000 -0.2226572036743164062500000000000000000000 
0.003528594970703 0.9033203125000000000000000000000000000000 -0.1523427963256835937500000000000000000000 -0.1445322036743164062500000000000000000000 
0.003721237182617 0.9526367187500000000000000000000000000000 -0.0742177963256835937500000000000000000000 -0.0664072036743164062500000000000000000000 
0.003921508789062 0.5019531250000000000000000000000000000000 -0.9980463981628417968750000000000000000000 -0.9941411018371582031250000000000000000000 
0.004306793212891 0.5512695312500000000000000000000000000000 -0.8613281250000000000000000000000000000000 -0.8574218750000000000000000000000000000000 
0.004692077636719 0.6005859375000000000000000000000000000000 -0.7363281250000000000000000000000000000000 -0.7324218750000000000000000000000000000000 
0.005077362060547 0.6499023437500000000000000000000000000000 -0.6230463981628417968750000000000000000000 -0.6191411018371582031250000000000000000000 
0.005462646484375 0.6992187500000000000000000000000000000000 -0.5175781250000000000000000000000000000000 -0.5136718750000000000000000000000000000000 
0.005847930908203 0.7485351562500000000000000000000000000000 -0.4199213981628417968750000000000000000000 -0.4160161018371582031250000000000000000000 
0.006233215332031 0.7978515625000000000000000000000000000000 -0.3261713981628417968750000000000000000000 -0.3222661018371582031250000000000000000000 
0.006618499755859 0.8471679687500000000000000000000000000000 -0.2402338981628417968750000000000000000000 -0.2363286018371582031250000000000000000000 
0.007003784179688 0.8964843750000000000000000000000000000000 -0.1582031250000000000000000000000000000000 -0.1542968750000000000000000000000000000000 
0.007389068603516 0.9458007812500000000000000000000000000000 -0.0839838981628417968750000000000000000000 -0.0800786018371582031250000000000000000000 
0.007774353027344 0.9951171875000000000000000000000000000000 -0.0097656250000000000000000000000000000000 -0.0058593750000000000000000000000000000000 
0.008506774902344 0.5444335937500000000000000000000000000000 -0.8808588981628417968750000000000000000000 -0.8769536018371582031250000000000000000000 
0.009277343750000 0.5937500000000000000000000000000000000000 -0.7558588981628417968750000000000000000000 -0.7519536018371582031250000000000000000000 
0.010047912597656 0.6430664062500000000000000000000000000000 -0.6386713981628417968750000000000000000000 -0.6347661018371582031250000000000000000000 
0.010818481445312 0.6923828125000000000000000000000000000000 -0.5332031250000000000000000000000000000000 -0.5292968750000000000000000000000000000000 
0.011589050292969 0.7416992187500000000000000000000000000000 -0.4316406250000000000000000000000000000000 -0.4277343750000000000000000000000000000000 
0.012359619140625 0.7910156250000000000000000000000000000000 -0.3417963981628417968750000000000000000000 -0.3378911018371582031250000000000000000000 
0.013130187988281 0.8403320312500000000000000000000000000000 -0.2519531250000000000000000000000000000000 -0.2480468750000000000000000000000000000000 
0.013900756835938 0.8896484375000000000000000000000000000000 -0.1699213981628417968750000000000000000000 -0.1660161018371582031250000000000000000000 
0.014671325683594 0.9389648437500000000000000000000000000000 -0.0917963981628417968750000000000000000000 -0.0878911018371582031250000000000000000000 
0.015441894531250 0.9882812500000000000000000000000000000000 -0.0175781250000000000000000000000000000000 -0.0136718750000000000000000000000000000000 
0.016799926757812 0.5375976562500000000000000000000000000000 -0.8964838981628417968750000000000000000000 -0.8925786018371582031250000000000000000000 
0.018341064453125 0.5869140625000000000000000000000000000000 -0.7714838981628417968750000000000000000000 -0.7675786018371582031250000000000000000000 
0.019882202148438 0.6362304687500000000000000000000000000000 -0.6542963981628417968750000000000000000000 -0.6503911018371582031250000000000000000000 
0.021423339843750 0.6855468750000000000000000000000000000000 -0.5449213981628417968750000000000000000000 -0.5410161018371582031250000000000000000000 
0.022964477539062 0.7348632812500000000000000000000000000000 -0.4472656250000000000000000000000000000000 -0.4433593750000000000000000000000000000000 
0.024505615234375 0.7841796875000000000000000000000000000000 -0.3535156250000000000000000000000000000000 -0.3496093750000000000000000000000000000000 
0.026046752929688 0.8334960937500000000000000000000000000000 -0.2636713981628417968750000000000000000000 -0.2597661018371582031250000000000000000000 
0.027587890625000 0.8828125000000000000000000000000000000000 -0.1816406250000000000000000000000000000000 -0.1777343750000000000000000000000000000000 
0.029129028320312 0.9321289062500000000000000000000000000000 -0.1035156250000000000000000000000000000000 -0.0996093750000000000000000000000000000000 
0.030670166015625 0.9814453125000000000000000000000000000000 -0.0292963981628417968750000000000000000000 -0.0253911018371582031250000000000000000000 
0.033172607421875 0.5307617187500000000000000000000000000000 -0.9160156250000000000000000000000000000000 -0.9121093750000000000000000000000000000000 
0.036254882812500 0.5800781250000000000000000000000000000000 -0.7871088981628417968750000000000000000000 -0.7832036018371582031250000000000000000000 
0.039337158203125 0.6293945312500000000000000000000000000000 -0.6699213981628417968750000000000000000000 -0.6660161018371582031250000000000000000000 
0.042419433593750 0.6787109375000000000000000000000000000000 -0.5605463981628417968750000000000000000000 -0.5566411018371582031250000000000000000000 
0.045501708984375 0.7280273437500000000000000000000000000000 -0.4589838981628417968750000000000000000000 -0.4550786018371582031250000000000000000000 
0.048583984375000 0.7773437500000000000000000000000000000000 -0.3652338981628417968750000000000000000000 -0.3613286018371582031250000000000000000000 
0.051666259765625 0.8266601562500000000000000000000000000000 -0.2753906250000000000000000000000000000000 -0.2714843750000000000000000000000000000000 
0.054748535156250 0.8759765625000000000000000000000000000000 -0.1933588981628417968750000000000000000000 -0.1894536018371582031250000000000000000000 
0.057830810546875 0.9252929687500000000000000000000000000000 -0.1152338981628417968750000000000000000000 -0.1113286018371582031250000000000000000000 
0.060913085937500 0.9746093750000000000000000000000000000000 -0.0371088981628417968750000000000000000000 -0.0332036018371582031250000000000000000000 
0.065490722656250 0.5239257812500000000000000000000000000000 -0.9326169490814208984375000000000000000000 -0.9306643009185791015625000000000000000000 
0.071655273437500 0.5732421875000000000000000000000000000000 -0.8037106990814208984375000000000000000000 -0.8017580509185791015625000000000000000000 
0.077819824218750 0.6225585937500000000000000000000000000000 -0.6845703125000000000000000000000000000000 -0.6826171875000000000000000000000000000000 
0.083984375000000 0.6718750000000000000000000000000000000000 -0.5751953125000000000000000000000000000000 -0.5732421875000000000000000000000000000000 
0.090148925781250 0.7211914062500000000000000000000000000000 -0.4716794490814208984375000000000000000000 -0.4697268009185791015625000000000000000000 
0.096313476562500 0.7705078125000000000000000000000000000000 -0.3779294490814208984375000000000000000000 -0.3759768009185791015625000000000000000000 
0.102478027343750 0.8198242187500000000000000000000000000000 -0.2880856990814208984375000000000000000000 -0.2861330509185791015625000000000000000000 
0.108642578125000 0.8691406250000000000000000000000000000000 -0.2041015625000000000000000000000000000000 -0.2021484375000000000000000000000000000000 
0.114807128906250 0.9184570312500000000000000000000000000000 -0.1240231990814208984375000000000000000000 -0.1220705509185791015625000000000000000000 
0.120971679687500 0.9677734375000000000000000000000000000000 -0.0478515625000000000000000000000000000000 -0.0458984375000000000000000000000000000000 
0.129272460937500 0.5170898437500000000000000000000000000000 -0.9521481990814208984375000000000000000000 -0.9501955509185791015625000000000000000000 
0.141601562500000 0.5664062500000000000000000000000000000000 -0.8212890625000000000000000000000000000000 -0.8193359375000000000000000000000000000000 
0.153930664062500 0.6157226562500000000000000000000000000000 -0.7001953125000000000000000000000000000000 -0.6982421875000000000000000000000000000000 
0.166259765625000 0.6650390625000000000000000000000000000000 -0.5888669490814208984375000000000000000000 -0.5869143009185791015625000000000000000000 
0.178588867187500 0.7143554687500000000000000000000000000000 -0.4853515625000000000000000000000000000000 -0.4833984375000000000000000000000000000000 
0.190917968750000 0.7636718750000000000000000000000000000000 -0.3896481990814208984375000000000000000000 -0.3876955509185791015625000000000000000000 
0.203247070312500 0.8129882812500000000000000000000000000000 -0.2998044490814208984375000000000000000000 -0.2978518009185791015625000000000000000000 
0.215576171875000 0.8623046875000000000000000000000000000000 -0.2138669490814208984375000000000000000000 -0.2119143009185791015625000000000000000000 
0.227905273437500 0.9116210937500000000000000000000000000000 -0.1337890625000000000000000000000000000000 -0.1318359375000000000000000000000000000000 
0.240234375000000 0.9609375000000000000000000000000000000000 -0.0576169490814208984375000000000000000000 -0.0556643009185791015625000000000000000000 
0.255126953125000 0.5102539062500000000000000000000000000000 -0.9711914062500000000000000000000000000000 -0.9702148437500000000000000000000000000000 
0.279785156250000 0.5595703125000000000000000000000000000000 -0.8383789062500000000000000000000000000000 -0.8374023437500000000000000000000000000000 
0.304443359375000 0.6088867187500000000000000000000000000000 -0.7163084745407104492187500000000000000000 -0.7153321504592895507812500000000000000000 
0.329101562500000 0.6582031250000000000000000000000000000000 -0.6040039062500000000000000000000000000000 -0.6030273437500000000000000000000000000000 
0.353759765625000 0.7075195312500000000000000000000000000000 -0.4995115995407104492187500000000000000000 -0.4985352754592895507812500000000000000000 
0.378417968750000 0.7568359375000000000000000000000000000000 -0.4028320312500000000000000000000000000000 -0.4018554687500000000000000000000000000000 
0.403076171875000 0.8061523437500000000000000000000000000000 -0.3110351562500000000000000000000000000000 -0.3100585937500000000000000000000000000000 
0.427734375000000 0.8554687500000000000000000000000000000000 -0.2260740995407104492187500000000000000000 -0.2250977754592895507812500000000000000000 
0.452392578125000 0.9047851562500000000000000000000000000000 -0.1450195312500000000000000000000000000000 -0.1440429687500000000000000000000000000000 
0.477050781250000 0.9541015625000000000000000000000000000000 -0.0678709745407104492187500000000000000000 -0.0668946504592895507812500000000000000000 
0.503417968750000 0.5034179687500000000000000000000000000000 -0.9904785156250000000000000000000000000000 -0.9899902343750000000000000000000000000000 
0.552734375000000 0.5527343750000000000000000000000000000000 -0.8557128906250000000000000000000000000000 -0.8552246093750000000000000000000000000000 
0.602050781250000 0.6020507812500000000000000000000000000000 -0.7321776747703552246093750000000000000000 -0.7316895127296447753906250000000000000000 
0.651367187500000 0.6513671875000000000000000000000000000000 -0.6188964247703552246093750000000000000000 -0.6184082627296447753906250000000000000000 
0.700683593750000 0.7006835937500000000000000000000000000000 -0.5134276747703552246093750000000000000000 -0.5129395127296447753906250000000000000000 
0.750000000000000 0.7500000000000000000000000000000000000000 -0.4151611328125000000000000000000000000000 -0.4149169921875000000000000000000000000000 
0.799316406250000 0.7993164062500000000000000000000000000000 -0.3233642578125000000000000000000000000000 -0.3231201171875000000000000000000000000000 
0.848632812500000 0.8486328125000000000000000000000000000000 -0.2368774414062500000000000000000000000000 -0.2367553710937500000000000000000000000000 
0.897949218750000 0.8979492187500000000000000000000000000000 -0.1553344726562500000000000000000000000000 -0.1552124023437500000000000000000000000000 
0.947265625000000 0.9472656250000000000000000000000000000000 -0.0782165452837944030761718750000000000000 -0.0781555250287055969238281250000000000000 
0.996582031250000 0.9965820312500000000000000000000000000000 -0.0049419398419559001922607421875000000000 -0.0049381260760128498077392578125000000000 
0.000019311904907 0.6328125000000000000000000000000000000000 -0.6601562500000000000000000000000000000000 -0.6523437500000000000000000000000000000000 
0.020904541015625 0.6689453125000000000000000000000000000000 -0.5800781250000000000000000000000000000000 -0.5761718750000000000000000000000000000000 
0.279052734375000 0.5581054687500000000000000000000000000000 -0.8422851562500000000000000000000000000000 -0.8413085937500000000000000000000000000000 
0.595703125000000 0.5957031250000000000000000000000000000000 -0.7478026747703552246093750000000000000000 -0.7473145127296447753906250000000000000000 
0.874023437500000 0.8740234375000000000000000000000000000000 -0.1942748874425888061523437500000000000000 -0.1941528469324111938476562500000000000000 
0.974121093750000 0.9741210937500000000000000000000000000000 -0.0378570556640625000000000000000000000000 -0.0378265380859375000000000000000000000000 
1.029296875000000 0.5146484375000000000000000000000000000000 -0.9583587609231472015380859375000000000000 -0.9583282507956027984619140625000000000000 
1.121093750000000 0.5605468750000000000000000000000000000000 -0.8351440280675888061523437500000000000000 -0.8350219875574111938476562500000000000000 
1.357421875000000 0.6787109375000000000000000000000000000000 -0.5592041015625000000000000000000000000000 -0.5589599609375000000000000000000000000000 
2.804687500000000 0.7011718750000000000000000000000000000000 -0.5122070312500000000000000000000000000000 -0.5112304687500000000000000000000000000000 
0.000005424022675 0.7109375000000000000000000000000000000000 -0.5078125000000000000000000000000000000000 -0.4921875000000000000000000000000000000000 
0.024993896484375 0.7998046875000000000000000000000000000000 -0.3261713981628417968750000000000000000000 -0.3222661018371582031250000000000000000000 
0.271240234375000 0.5424804687500000000000000000000000000000 -0.8833007812500000000000000000000000000000 -0.8823242187500000000000000000000000000000 
0.639160156250000 0.6391601562500000000000000000000000000000 -0.6457519531250000000000000000000000000000 -0.6452636718750000000000000000000000000000 
0.807617187500000 0.8076171875000000000000000000000000000000 -0.3084716498851776123046875000000000000000 -0.3082275688648223876953125000000000000000 
0.925292968750000 0.9252929687500000000000000000000000000000 -0.1120300218462944030761718750000000000000 -0.1119690015912055969238281250000000000000 
1.005859375000000 0.5029296875000000000000000000000000000000 -0.9915733328089118003845214843750000000000 -0.9915657052770256996154785156250000000000 
1.085937500000000 0.5429687500000000000000000000000000000000 -0.8810729905962944030761718750000000000000 -0.8810119703412055969238281250000000000000 
1.477539062500000 0.7387695312500000000000000000000000000000 -0.4372557997703552246093750000000000000000 -0.4367676377296447753906250000000000000000 
3.189453125000000 0.7973632812500000000000000000000000000000 -0.3276365995407104492187500000000000000000 -0.3266602754592895507812500000000000000000 
0.000035226345062 0.5771484375000000000000000000000000000000 -0.8007812500000000000000000000000000000000 -0.7929687500000000000000000000000000000000 
0.036712646484375 0.5874023437500000000000000000000000000000 -0.7714838981628417968750000000000000000000 -0.7675786018371582031250000000000000000000 
0.535644531250000 0.5356445312500000000000000000000000000000 -0.9011229872703552246093750000000000000000 -0.9006348252296447753906250000000000000000 
0.805175781250000 0.8051757812500000000000000000000000000000 -0.3128661811351776123046875000000000000000 -0.3126221001148223876953125000000000000000 
0.899902343750000 0.8999023437500000000000000000000000000000 -0.1521606445312500000000000000000000000000 -0.1520385742187500000000000000000000000000 
0.996093750000000 0.9960937500000000000000000000000000000000 -0.0056476593017578125000000000000000000000 -0.0056438446044921875000000000000000000000 
1.027343750000000 0.5136718750000000000000000000000000000000 -0.9611053429543972015380859375000000000000 -0.9610748328268527984619140625000000000000 
1.074218750000000 0.5371093750000000000000000000000000000000 -0.8967590332031250000000000000000000000000 -0.8966979980468750000000000000000000000000 
1.143554687500000 0.5717773437500000000000000000000000000000 -0.8065795749425888061523437500000000000000 -0.8064575344324111938476562500000000000000 
1.868164062500000 0.9340820312500000000000000000000000000000 -0.0983886122703552246093750000000000000000 -0.0979004502296447753906250000000000000000 
0.330078125000000 0.6601562500000000000000000000000000000000 -0.5991209745407104492187500000000000000000 -0.5981446504592895507812500000000000000000 
0.797851562500000 0.7978515625000000000000000000000000000000 -0.3260497748851776123046875000000000000000 -0.3258056938648223876953125000000000000000 
0.884277343750000 0.8842773437500000000000000000000000000000 -0.1774291843175888061523437500000000000000 -0.1773071438074111938476562500000000000000 
0.954589843750000 0.9545898437500000000000000000000000000000 -0.0670471191406250000000000000000000000000 -0.0669860839843750000000000000000000000000 
0.998046875000000 0.9980468750000000000000000000000000000000 -0.0028219220694154500961303710937500000000 -0.0028200151864439249038696289062500000000 
0.999511718750000 0.9995117187500000000000000000000000000000 -0.0007050037384033203125000000000000000000 -0.0007045269012451171875000000000000000000 
1.001953125000000 0.5009765625000000000000000000000000000000 -0.9971857070922851562500000000000000000000 -0.9971837997436523437500000000000000000000 
1.009765625000000 0.5048828125000000000000000000000000000000 -0.9859809875488281250000000000000000000000 -0.9859733581542968750000000000000000000000 
1.017578125000000 0.5087890625000000000000000000000000000000 -0.9748611450195312500000000000000000000000 -0.9748458862304687500000000000000000000000 
1.054687500000000 0.5273437500000000000000000000000000000000 -0.9231872484087944030761718750000000000000 -0.9231262281537055969238281250000000000000 
0.836425781250000 0.8364257812500000000000000000000000000000 -0.2579345703125000000000000000000000000000 -0.2576904296875000000000000000000000000000 
0.836425781250000 0.8364257812500000000000000000000000000000 -0.2579345703125000000000000000000000000000 -0.2576904296875000000000000000000000000000 
0.863281250000000 0.8632812500000000000000000000000000000000 -0.2122192382812500000000000000000000000000 -0.2120971679687500000000000000000000000000 
0.990722656250000 0.9907226562500000000000000000000000000000 -0.0134544363245368003845214843750000000000 -0.0134468087926506996154785156250000000000 
1.000000000000000 0.5000000000000000000000000000000000000000 -1.0000000298023223876953125000000000000000 -0.9999999701976776123046875000000000000000 
1.000976562500000 0.5004882812500000000000000000000000000000 -0.9985918997554108500480651855468750000000 -0.9985909463139250874519348144531250000000 
1.002929687500000 0.5014648437500000000000000000000000000000 -0.9957828521728515625000000000000000000000 -0.9957790374755859375000000000000000000000 
1.003906250000000 0.5019531250000000000000000000000000000000 -0.9943790435791015625000000000000000000000 -0.9943752288818359375000000000000000000000 
1.037109375000000 0.5185546875000000000000000000000000000000 -0.9474334679543972015380859375000000000000 -0.9474029578268527984619140625000000000000 
1.060546875000000 0.5302734375000000000000000000000000000000 -0.9151916503906250000000000000000000000000 -0.9151306152343750000000000000000000000000 
0.283447265625000 0.5668945312500000000000000000000000000000 -0.8198240995407104492187500000000000000000 -0.8188477754592895507812500000000000000000 
0.937500000000000 0.9375000000000000000000000000000000000000 -0.0931701660156250000000000000000000000000 -0.0931091308593750000000000000000000000000 
1.136718750000000 0.5683593750000000000000000000000000000000 -0.8152465820312500000000000000000000000000 -0.8151245117187500000000000000000000000000 
2.267578125000000 0.5668945312500000000000000000000000000000 -0.8198240995407104492187500000000000000000 -0.8188477754592895507812500000000000000000 
