-0.999511718750000 -0.631835937500000 -0.6320800781250000000000000000000000000000 -0.6315917968750000000000000000000000000000 
-0.679199218750000 -0.492919921875000 -0.4930419623851776123046875000000000000000 -0.4927978813648223876953125000000000000000 
-0.429443359375000 -0.349121093750000 -0.3492431640625000000000000000000000000000 -0.3489990234375000000000000000000000000000 
-0.269287109375000 -0.236083984375000 -0.2361450195312500000000000000000000000000 -0.2360229492187500000000000000000000000000 
-0.179565429687500 -0.164306640625000 -0.1643676757812500000000000000000000000000 -0.1642456054687500000000000000000000000000 
-0.112243652343750 -0.106201171875000 -0.1062316894531250000000000000000000000000 -0.1061706542968750000000000000000000000000 
-0.072204589843750 -0.069641113281250 -0.0696716234087944030761718750000000000000 -0.0696106031537055969238281250000000000000 
-0.047332763671875 -0.046234130859375 -0.0462493859231472015380859375000000000000 -0.0462188757956027984619140625000000000000 
-0.029281616210938 -0.028854370117188 -0.0288619976490736007690429687500000000000 -0.0288467425853013992309570312500000000000 
-0.019271850585938 -0.019088745117188 -0.0190963726490736007690429687500000000000 -0.0190811175853013992309570312500000000000 
-0.012443542480469 -0.012367248535156 -0.0123710623010993003845214843750000000000 -0.0123634347692131996154785156250000000000 
-0.007625579833984 -0.007595062255859 -0.0075969691388309001922607421875000000000 -0.0075931553728878498077392578125000000000 
-0.005123138427734 -0.005111694335938 -0.0051136016845703125000000000000000000000 -0.0051097869873046875000000000000000000000 
-0.003263473510742 -0.003257751464844 -0.0032587051391601562500000000000000000000 -0.0032567977905273437500000000000000000000 
-0.002012252807617 -0.002010345458984 -0.0020112991333007812500000000000000000000 -0.0020093917846679687500000000000000000000 
-0.001357078552246 -0.001356124877930 -0.0013566017150878906250000000000000000000 -0.0013556480407714843750000000000000000000 
-0.000854015350342 -0.000853538513184 -0.0008537769317626953125000000000000000000 -0.0008533000946044921875000000000000000000 
-0.000541210174561 -0.000541210174561 -0.0005414485349319875240325927734375000000 -0.0005409718141891062259674072265625000000 
-0.000358343124390 -0.000358343124390 -0.0003584623045753687620162963867187500000 -0.0003582239442039281129837036132812500000 
-0.000223040580750 -0.000223040580750 -0.0002231001708423718810081481933593750000 -0.0002229809906566515564918518066406250000 
-0.000144839286804 -0.000144839286804 -0.0001448988768970593810081481933593750000 -0.0001447796967113390564918518066406250000 
-0.000094354152679 -0.000094354152679 -0.0000943839477258734405040740966796875000 -0.0000943243576330132782459259033203125000 
-0.000055253505707 -0.000055253505707 -0.0000552833043911959975957870483398437500 -0.0000552237070223782211542129516601562500 
-0.000016152858734 -0.000016152858734 -0.0000161826592375291511416435241699218750 -0.0000161230582307325676083564758300781250 
0.000022947788239 0.000022947788239 0.0000229179877351270988583564758300781250 0.0000229775887419236823916435241699218750 
0.000062048435211 0.000062048435211 0.0000620186401647515594959259033203125000 0.0000620782302576117217540740966796875000 
0.000101149082184 0.000101149082184 0.0001011192871374078094959259033203125000 0.0001011788772302679717540740966796875000 
0.000158429145813 0.000158429145813 0.0001583695557201281189918518066406250000 0.0001584887359058484435081481933593750000 
0.000236630439758 0.000236630439758 0.0002365708496654406189918518066406250000 0.0002366900298511609435081481933593750000 
0.000385522842407 0.000385522842407 0.0003854036622215062379837036132812500000 0.0003856420225929468870162963867187500000 
0.000595569610596 0.000595569610596 0.0005953312502242624759674072265625000000 0.0005958079709671437740325927734375000000 
0.000908374786377 0.000908851623535 0.0009086132049560546875000000000000000000 0.0009090900421142578125000000000000000000 
0.001465797424316 0.001466751098633 0.0014662742614746093750000000000000000000 0.0014672279357910156250000000000000000000 
0.002229690551758 0.002231597900391 0.0022306442260742187500000000000000000000 0.0022325515747070312500000000000000000000 
0.003480911254883 0.003486633300781 0.0034856796264648437500000000000000000000 0.0034875869750976562500000000000000000000 
0.005558013916016 0.005573272705078 0.0055713658221065998077392578125000000000 0.0055751795880496501922607421875000000000 
0.008308410644531 0.008346557617188 0.0083427429199218750000000000000000000000 0.0083503723144531250000000000000000000000 
0.013313293457031 0.013404846191406 0.0134010324254631996154785156250000000000 0.0134086599573493003845214843750000000000 
0.021011352539062 0.021240234375000 0.0212326049804687500000000000000000000000 0.0212478637695312500000000000000000000000 
0.031021118164062 0.031494140625000 0.0314788818359375000000000000000000000000 0.0315093994140625000000000000000000000000 
0.050811767578125 0.052124023437500 0.0521087646484375000000000000000000000000 0.0521392822265625000000000000000000000000 
0.079162597656250 0.082397460937500 0.0823669433593750000000000000000000000000 0.0824279785156250000000000000000000000000 
0.119201660156250 0.126586914062500 0.1265258938074111938476562500000000000000 0.1266479343175888061523437500000000000000 
0.193481445312500 0.213500976562500 0.2134399563074111938476562500000000000000 0.2135619968175888061523437500000000000000 
0.297119140625000 0.345947265625000 0.3458252251148223876953125000000000000000 0.3460693061351776123046875000000000000000 
0.457275390625000 0.579589843750000 0.5793457627296447753906250000000000000000 0.5798339247703552246093750000000000000000 
0.734863281250000 1.084960937500000 1.0844727754592895507812500000000000000000 1.0854490995407104492187500000000000000000 
-0.999023437500000 -0.631835937500000 -0.6320800781250000000000000000000000000000 -0.6315917968750000000000000000000000000000 
-0.563476562500000 -0.430664062500000 -0.4307861328125000000000000000000000000000 -0.4305419921875000000000000000000000000000 
-0.005874633789062 -0.005855560302734 -0.0058574671857059001922607421875000000000 -0.0058536534197628498077392578125000000000 
-0.000697135925293 -0.000696659088135 -0.0006968974485062062740325927734375000000 -0.0006964207277633249759674072265625000000 
-0.000004470348358 -0.000004470348358 -0.0000045001502257946413010358810424804688 -0.0000044405464905139524489641189575195312 
0.049896240234375 0.051147460937500 0.0511322021484375000000000000000000000000 0.0511627197265625000000000000000000000000 
0.194946289062500 0.215209960937500 0.2151489406824111938476562500000000000000 0.2152709811925888061523437500000000000000 
0.368896484375000 0.446044921875000 0.4459228813648223876953125000000000000000 0.4461669623851776123046875000000000000000 
0.682128906250000 0.978027343750000 0.9777832627296447753906250000000000000000 0.9782714247703552246093750000000000000000 
0.800781250000000 1.227539062500000 1.2270509004592895507812500000000000000000 1.2280272245407104492187500000000000000000 
-0.997558593750000 -0.631347656250000 -0.6315917372703552246093750000000000000000 -0.6311035752296447753906250000000000000000 
-0.389892578125000 -0.322753906250000 -0.3228759765625000000000000000000000000000 -0.3226318359375000000000000000000000000000 
-0.026870727539062 -0.026519775390625 -0.0265274047851562500000000000000000000000 -0.0265121459960937500000000000000000000000 
-0.003637313842773 -0.003631591796875 -0.0036325454711914062500000000000000000000 -0.0036306381225585937500000000000000000000 
-0.000486373901367 -0.000486373901367 -0.0004864931106567382812500000000000000000 -0.0004862546920776367187500000000000000000 
0.000709056854248 0.000709533691406 0.0007092952728271484375000000000000000000 0.0007097721099853515625000000000000000000 
0.003112792968750 0.003118515014648 0.0031175615731626749038696289062500000000 0.0031194684561342000961303710937500000000 
0.020248413085938 0.020462036132812 0.0204544086009263992309570312500000000000 0.0204696636646986007690429687500000000000 
0.331054687500000 0.392333984375000 0.3922119438648223876953125000000000000000 0.3924560248851776123046875000000000000000 
0.800292968750000 1.226562500000000 1.2260742187500000000000000000000000000000 1.2270507812500000000000000000000000000000 
-0.996093750000000 -0.630859375000000 -0.6311035156250000000000000000000000000000 -0.6306152343750000000000000000000000000000 
-0.829589843750000 -0.563964843750000 -0.5642089247703552246093750000000000000000 -0.5637207627296447753906250000000000000000 
-0.229125976562500 -0.204711914062500 -0.2047729343175888061523437500000000000000 -0.2046508938074111938476562500000000000000 
-0.005855560302734 -0.005840301513672 -0.0058422083966434001922607421875000000000 -0.0058383946307003498077392578125000000000 
0.000704288482666 0.000704765319824 0.0007045269012451171875000000000000000000 0.0007050037384033203125000000000000000000 
0.007041931152344 0.007068634033203 0.0070667271502315998077392578125000000000 0.0070705409161746501922607421875000000000 
0.207641601562500 0.230712890625000 0.2306518554687500000000000000000000000000 0.2307739257812500000000000000000000000000 
0.460693359375000 0.584960937500000 0.5847167968750000000000000000000000000000 0.5852050781250000000000000000000000000000 
0.700195312500000 1.013671875000000 1.0131835937500000000000000000000000000000 1.0141601562500000000000000000000000000000 
0.909179687500000 1.482421875000000 1.4819335937500000000000000000000000000000 1.4829101562500000000000000000000000000000 
-0.998535156250000 -0.631347656250000 -0.6315917372703552246093750000000000000000 -0.6311035752296447753906250000000000000000 
-0.750976562500000 -0.528320312500000 -0.5285644531250000000000000000000000000000 -0.5280761718750000000000000000000000000000 
-0.563964843750000 -0.431152343750000 -0.4312744140625000000000000000000000000000 -0.4310302734375000000000000000000000000000 
-0.034698486328125 -0.034118652343750 -0.0341339111328125000000000000000000000000 -0.0341033935546875000000000000000000000000 
-0.000687599182129 -0.000687599182129 -0.0006878376007080078125000000000000000000 -0.0006873607635498046875000000000000000000 
0.002391815185547 0.002395629882812 0.0023946762084960937500000000000000000000 0.0023965835571289062500000000000000000000 
0.027221679687500 0.027603149414062 0.0275955218821763992309570312500000000000 0.0276107769459486007690429687500000000000 
0.258544921875000 0.295166015625000 0.2950439751148223876953125000000000000000 0.2952880561351776123046875000000000000000 
0.808105468750000 1.244140625000000 1.2436523437500000000000000000000000000000 1.2446289062500000000000000000000000000000 
0.918945312500000 1.506835937500000 1.5063477754592895507812500000000000000000 1.5073240995407104492187500000000000000000 
-0.903808593750000 -0.595214843750000 -0.5954589247703552246093750000000000000000 -0.5949707627296447753906250000000000000000 
-0.663574218750000 -0.485107421875000 -0.4852294623851776123046875000000000000000 -0.4849853813648223876953125000000000000000 
-0.162475585937500 -0.149902343750000 -0.1499633789062500000000000000000000000000 -0.1498413085937500000000000000000000000000 
-0.026321411132812 -0.025970458984375 -0.0259780883789062500000000000000000000000 -0.0259628295898437500000000000000000000000 
-0.000488281250000 -0.000488281250000 -0.0004885196685791015625000000000000000000 -0.0004881620407104492187500000000000000000 
0.000482559204102 0.000482559204102 0.0004824399948120117187500000000000000000 0.0004826784133911132812500000000000000000 
0.000486850738525 0.000486850738525 0.0004867315292358398437500000000000000000 0.0004869699478149414062500000000000000000 
0.000689506530762 0.000689506530762 0.0006892681121826171875000000000000000000 0.0006897449493408203125000000000000000000 
0.005851745605469 0.005867004394531 0.0058650970458984375000000000000000000000 0.0058689117431640625000000000000000000000 
0.471435546875000 0.602050781250000 0.6018067002296447753906250000000000000000 0.6022948622703552246093750000000000000000 
-0.950683593750000 -0.613281250000000 -0.6135253906250000000000000000000000000000 -0.6130371093750000000000000000000000000000 
-0.550292968750000 -0.423339843750000 -0.4234619140625000000000000000000000000000 -0.4232177734375000000000000000000000000000 
-0.361816406250000 -0.303710937500000 -0.3038330078125000000000000000000000000000 -0.3035888671875000000000000000000000000000 
-0.045562744140625 -0.044525146484375 -0.0445404015481472015380859375000000000000 -0.0445098914206027984619140625000000000000 
-0.005172729492188 -0.005157470703125 -0.0051593780517578125000000000000000000000 -0.0051555633544921875000000000000000000000 
-0.000691890716553 -0.000691413879395 -0.0006916522979736328125000000000000000000 -0.0006911754608154296875000000000000000000 
0.000689983367920 0.000689983367920 0.0006897450075484812259674072265625000000 0.0006902217282913625240325927734375000000 
0.004364013671875 0.004371643066406 0.0043697357177734375000000000000000000000 0.0043735504150390625000000000000000000000 
0.197875976562500 0.218872070312500 0.2188110500574111938476562500000000000000 0.2189330905675888061523437500000000000000 
0.882324218750000 1.416992187500000 1.4165040254592895507812500000000000000000 1.4174803495407104492187500000000000000000 
-0.882324218750000 -0.585937500000000 -0.5861816406250000000000000000000000000000 -0.5856933593750000000000000000000000000000 
-0.455078125000000 -0.365722656250000 -0.3658447265625000000000000000000000000000 -0.3656005859375000000000000000000000000000 
-0.006484985351562 -0.006462097167969 -0.0064640045166015625000000000000000000000 -0.0064601898193359375000000000000000000000 
-0.000977516174316 -0.000976562500000 -0.0009770393371582031250000000000000000000 -0.0009763240814208984375000000000000000000 
-0.000690937042236 -0.000690460205078 -0.0006906986236572265625000000000000000000 -0.0006902217864990234375000000000000000000 
0.034301757812500 0.034881591796875 0.0348663367331027984619140625000000000000 0.0348968468606472015380859375000000000000 
0.519042968750000 0.680175781250000 0.6799317002296447753906250000000000000000 0.6804198622703552246093750000000000000000 
0.635742187500000 0.888183593750000 0.8879395127296447753906250000000000000000 0.8884276747703552246093750000000000000000 
0.700683593750000 1.014648437500000 1.0141602754592895507812500000000000000000 1.0151365995407104492187500000000000000000 
0.836425781250000 1.307617187500000 1.3071290254592895507812500000000000000000 1.3081053495407104492187500000000000000000 
-0.994628906250000 -0.630371093750000 -0.6306151747703552246093750000000000000000 -0.6301270127296447753906250000000000000000 
-0.957031250000000 -0.616210937500000 -0.6164550781250000000000000000000000000000 -0.6159667968750000000000000000000000000000 
-0.800781250000000 -0.550781250000000 -0.5510253906250000000000000000000000000000 -0.5505371093750000000000000000000000000000 
-0.663085937500000 -0.484619140625000 -0.4847411811351776123046875000000000000000 -0.4844971001148223876953125000000000000000 
-0.624511718750000 -0.464355468750000 -0.4644775390625000000000000000000000000000 -0.4642333984375000000000000000000000000000 
-0.343750000000000 -0.291015625000000 -0.2911376953125000000000000000000000000000 -0.2908935546875000000000000000000000000000 
-0.111694335937500 -0.105712890625000 -0.1057434082031250000000000000000000000000 -0.1056823730468750000000000000000000000000 
0.000976562500000 0.000977516174316 0.0009770394535735249519348144531250000000 0.0009779928950592875480651855468750000000 
0.574707031250000 0.776367187500000 0.7761230468750000000000000000000000000000 0.7766113281250000000000000000000000000000 
0.607421875000000 0.835449218750000 0.8352051377296447753906250000000000000000 0.8356932997703552246093750000000000000000 
-0.235595703125000 -0.209960937500000 -0.2100219726562500000000000000000000000000 -0.2098999023437500000000000000000000000000 
-0.003089904785156 -0.003084182739258 -0.0030851361807435750961303710937500000000 -0.0030832292977720499038696289062500000000 
0.093872070312500 0.098449707031250 0.0984191969037055969238281250000000000000 0.0984802171587944030761718750000000000000 
0.306396484375000 0.358642578125000 0.3585205376148223876953125000000000000000 0.3587646186351776123046875000000000000000 
0.413085937500000 0.511718750000000 0.5114746093750000000000000000000000000000 0.5119628906250000000000000000000000000000 
0.467773437500000 0.596679687500000 0.5964355468750000000000000000000000000000 0.5969238281250000000000000000000000000000 
0.961914062500000 1.617187500000000 1.6166992187500000000000000000000000000000 1.6176757812500000000000000000000000000000 
0.969726562500000 1.637695312500000 1.6372071504592895507812500000000000000000 1.6381834745407104492187500000000000000000 
0.991699218750000 1.696289062500000 1.6958009004592895507812500000000000000000 1.6967772245407104492187500000000000000000 
0.935058593750000 1.546875000000000 1.5463867187500000000000000000000000000000 1.5473632812500000000000000000000000000000 
